System,Material,Surface,Molecule Group,Molecule,State,Dissociation,True_eV,Prediction_eV,Error_eV,Abs_error_eV
C3H6Ir40O80S,IrO2,110,thiols_thials_thioketones_thioethers,Propane-2-thione,relaxed,tensor([False]),-2.8751256465911865,-2.6405887833043806,0.2345368632868059,0.2345368632868059
CH3NO2Ru48,Ru,110,carbamate-esters,Carbamic-acid,initial,tensor([False]),-0.465770423412323,-0.47068859262831353,-0.004918169215990531,0.004918169215990531
C3H8O80Ru40S,RuO2,110,thiols_thials_thioketones_thioethers,Propane-2-thiol,relaxed,tensor([False]),-1.7089614868164062,-1.780942249336288,-0.07198076251988184,0.07198076251988184
C2H5NO80Ru40,RuO2,110,imines,Ethanimine,relaxed,tensor([False]),-1.9321399927139282,-1.978947307389717,-0.0468073146757888,0.0468073146757888
C2H2O80Ru40,RuO2,110,alkanes_alkenes_alkynes,Acetylene,relaxed,tensor([False]),-1.2030253410339355,-1.136253091847192,0.06677224918674352,0.06677224918674352
CH4Ir48S,Ir,110,thiols_thials_thioketones_thioethers,Methanethiol,relaxed,tensor([False]),-1.3168821334838867,-1.2518286216455294,0.06505351183835728,0.06505351183835728
C3H6O80Ru40,RuO2,110,alkanes_alkenes_alkynes,Propylene,relaxed,tensor([False]),-0.312835156917572,-0.42695196525823675,-0.11411680834066473,0.11411680834066473
C2H4Ir40O82,IrO2,110,carbonates_carboxylic-acids_esters,Acetic-acid,relaxed,tensor([True]),-2.337631940841675,-2.3629023415635046,-0.025270400721829844,0.025270400721829844
CH2Ir40O83,IrO2,110,carbonates_carboxylic-acids_esters,Carbonic-acid,relaxed,tensor([True]),-2.409914255142212,-2.438356966737956,-0.028442711595744186,0.028442711595744186
C2H6O80Ru40S,RuO2,110,thiols_thials_thioketones_thioethers,Dimethylsulfane,relaxed,tensor([False]),-1.6849368810653687,-1.5754309624010716,0.10950591866429704,0.10950591866429704
C2H7Ir40NO80,IrO2,110,amines,Ethanamine,relaxed,tensor([False]),-2.7110719680786133,-2.6613892379060715,0.04968273017254177,0.04968273017254177
C2H7NO80Ru40,RuO2,110,amines,Ethanamine,relaxed,tensor([False]),-0.8044032454490662,-0.783176216012226,0.021227029436840184,0.021227029436840184
CH4Ru48S,Ru,110,thiols_thials_thioketones_thioethers,Methanethiol,relaxed,tensor([False]),-1.1855818033218384,-1.2475406974211363,-0.06195889409929789,0.06195889409929789
C2H4O80Ru40,RuO2,110,alkanes_alkenes_alkynes,Ethene,relaxed,tensor([False]),-0.26852768659591675,-0.4169543709242305,-0.14842668432831374,0.14842668432831374
C2H4Ru48,Ru,110,alkanes_alkenes_alkynes,Ethene,initial,tensor([False]),-1.2128928899765015,-1.1527981763780586,0.06009471359844287,0.06009471359844287
C2H4Ir40O80S,IrO2,110,thiols_thials_thioketones_thioethers,Ethanethial,relaxed,tensor([False]),-2.502474069595337,-2.385884494022548,0.11658957557278882,0.11658957557278882
C2H7NRu48,Ru,110,amines,Ethanamine,initial,tensor([False]),-1.2719022035598755,-1.3756356626050406,-0.10373345904516507,0.10373345904516507
C2H4Ir40O82,IrO2,110,carbonates_carboxylic-acids_esters,Acetic-acid,relaxed,tensor([False]),-1.2853450775146484,-1.282767524067311,0.002577553447337344,0.002577553447337344
CH2O82Ru40,RuO2,110,carbonates_carboxylic-acids_esters,Formic-acid,relaxed,tensor([False]),-1.1499013900756836,-1.1237963977319207,0.026104992343762845,0.026104992343762845
C3H6Ir48,Ir,110,alkanes_alkenes_alkynes,Propylene,relaxed,tensor([False]),-1.199503779411316,-1.3090169418614295,-0.10951316245011355,0.10951316245011355
CH3NO2Ru48,Ru,110,carbamate-esters,Carbamic-acid,relaxed,tensor([False]),-0.465770423412323,-0.47068859262831353,-0.004918169215990531,0.004918169215990531
C2H5Ir40NO81,IrO2,110,amides,Acetamide,relaxed,tensor([False]),-2.6905152797698975,-2.8821321110405194,-0.1916168312706219,0.1916168312706219
C3H8Ir40O80S,IrO2,110,thiols_thials_thioketones_thioethers,Propane-2-thiol,relaxed,tensor([True]),-3.382554769515991,-3.5357857844278726,-0.1532310149118814,0.1532310149118814
C2H5NO81Ru40,RuO2,110,amides,Acetamide,relaxed,tensor([False]),-1.69297194480896,-1.6217369786752744,0.07123496613368552,0.07123496613368552
CH3NO81Ru40,RuO2,110,oximes,Formaldoxime,relaxed,tensor([False]),-1.4514278173446655,-1.3270782910174166,0.12434952632724894,0.12434952632724894
C2H6O,None,None,alcohols_aldehydes_ketones_ethers,Ethanol,relaxed,tensor([False]),0.0,-0.07300143091883626,-0.07300143091883626,0.07300143091883626
C3H6Ir40O81,IrO2,110,alcohols_aldehydes_ketones_ethers,Propan-2-one,relaxed,tensor([False]),-0.4055742919445038,-0.37857795765898317,0.026996334285520618,0.026996334285520618
CH2O83Ru40,RuO2,110,carbonates_carboxylic-acids_esters,Carbonic-acid,relaxed,tensor([True]),-2.5231430530548096,-2.3978401604082507,0.12530289264655892,0.12530289264655892
C3H6O80Ru40S,RuO2,110,thiols_thials_thioketones_thioethers,Propane-2-thione,relaxed,tensor([False]),-2.128383159637451,-2.0533487195212814,0.07503444011616978,0.07503444011616978
CH3Ir40NO82,IrO2,110,carbamate-esters,Carbamic-acid,relaxed,tensor([True]),-3.4360620975494385,-3.5004463977828664,-0.0643843002334279,0.0643843002334279
C3H6Ir40O81,IrO2,110,alcohols_aldehydes_ketones_ethers,Propan-2-one,relaxed,tensor([False]),-1.222173810005188,-0.9278766103724898,0.2942971996326982,0.2942971996326982
C2H6O81Ru40,RuO2,110,alcohols_aldehydes_ketones_ethers,Ethanol,relaxed,tensor([False]),-0.8478001952171326,-0.7697051726402186,0.07809502257691392,0.07809502257691392
CH2Ru48S,Ru,110,thiols_thials_thioketones_thioethers,Methanethial,initial,tensor([False]),-3.2076404094696045,-3.257860390317788,-0.050219980848183354,0.050219980848183354
CH4O80Ru40,RuO2,110,alkanes_alkenes_alkynes,Methane,relaxed,tensor([False]),-0.4108835756778717,-0.554701949616387,-0.14381837393851526,0.14381837393851526
C2H4Ir40O81,IrO2,110,alcohols_aldehydes_ketones_ethers,Acetaldehyde,relaxed,tensor([True]),-3.1487274169921875,-3.091378641288472,0.05734877570371566,0.05734877570371566
C2H4O80Ru40,RuO2,110,alkanes_alkenes_alkynes,Ethene,relaxed,tensor([False]),-0.6126781105995178,-0.7744512590363684,-0.16177314843685053,0.16177314843685053
CH2O81Ru40,RuO2,110,alcohols_aldehydes_ketones_ethers,Formaldehyde,relaxed,tensor([False]),-1.7076367139816284,-1.5160565653096612,0.19158014867196727,0.19158014867196727
C3H4Ru48,Ru,110,alkanes_alkenes_alkynes,Prop-1-yne,initial,tensor([False]),-2.7260336875915527,-2.71936708326065,0.0066666043309027145,0.0066666043309027145
C3H8Ru48S,Ru,110,thiols_thials_thioketones_thioethers,Propane-2-thiol,initial,tensor([False]),-1.5975736379623413,-1.7763017327832955,-0.1787280948209542,0.1787280948209542
C2H5Ir40NO80,IrO2,110,imines,Ethanimine,relaxed,tensor([False]),-2.7349469661712646,-2.7834231241701843,-0.04847615799891969,0.04847615799891969
C3H9N,None,None,amines,Trimethylamine,relaxed,tensor([False]),0.0,-0.09237290537895859,-0.09237290537895859,0.09237290537895859
C2H4Ir40O81,IrO2,110,alcohols_aldehydes_ketones_ethers,Acetaldehyde,relaxed,tensor([False]),-1.9465513229370117,-2.08717764078143,-0.14062631784441848,0.14062631784441848
C3H6O80Ru40S,RuO2,110,thiols_thials_thioketones_thioethers,Propane-2-thione,relaxed,tensor([False]),-1.8486064672470093,-1.3582814878965976,0.49032497935041164,0.49032497935041164
CH3Ir40NO81,IrO2,110,amides,Formamide,relaxed,tensor([False]),-1.8881102800369263,-1.7553999690047632,0.13271031103216302,0.13271031103216302
CH4Ir40O80S,IrO2,110,thiols_thials_thioketones_thioethers,Methanethiol,relaxed,tensor([True]),-3.142077922821045,-3.094881619111078,0.04719630370996697,0.04719630370996697
C2H6S,None,None,thiols_thials_thioketones_thioethers,Dimethylsulfane,relaxed,tensor([False]),0.0,-0.0665050983057256,-0.0665050983057256,0.0665050983057256
C2H5NRu48,Ru,110,imines,N-methylmethanimine,relaxed,tensor([False]),-1.2120624780654907,-1.1420334697854724,0.07002900828001835,0.07002900828001835
C2H6Ru48S,Ru,110,thiols_thials_thioketones_thioethers,Ethanethiol,relaxed,tensor([False]),-1.2489324808120728,-1.2231846797939943,0.025747801018078498,0.025747801018078498
C2H2Ir48,Ir,110,alkanes_alkenes_alkynes,Acetylene,initial,tensor([False]),-1.1731005907058716,-2.00045763634035,-0.8273570456344785,0.8273570456344785
C3H8Ir40O81,IrO2,110,alcohols_aldehydes_ketones_ethers,Propan-2-ol,relaxed,tensor([False]),-0.2769356667995453,-0.32547259846792187,-0.04853693166837658,0.04853693166837658
CH2Ir40O82,IrO2,110,carbonates_carboxylic-acids_esters,Formic-acid,relaxed,tensor([True]),-3.3377254009246826,-3.1323590317837002,0.20536636914098239,0.20536636914098239
C2H4Ir40O81,IrO2,110,alcohols_aldehydes_ketones_ethers,Acetaldehyde,relaxed,tensor([True]),-3.265855312347412,-3.008448677063022,0.25740663528439,0.25740663528439
C2H5Ir40NO80,IrO2,110,imines,N-methylmethanimine,relaxed,tensor([False]),-1.3731777667999268,-1.005097725554231,0.3680800412456957,0.3680800412456957
CH2Ir40O80S,IrO2,110,thiols_thials_thioketones_thioethers,Methanethial,relaxed,tensor([False]),-2.4551968574523926,-2.1797122120491785,0.27548464540321405,0.27548464540321405
C2H4Ru48S,Ru,110,thiols_thials_thioketones_thioethers,Ethanethial,relaxed,tensor([False]),-3.017883539199829,-3.152973673993287,-0.1350901347934581,0.1350901347934581
CH3Ir40NO81,IrO2,110,oximes,Formaldoxime,relaxed,tensor([False]),-0.2653897702693939,-0.36605793051420576,-0.10066816024481184,0.10066816024481184
CH4O80Ru40,RuO2,110,alkanes_alkenes_alkynes,Methane,relaxed,tensor([False]),-0.4729336202144623,-0.5135492388390546,-0.04061561862459229,0.04061561862459229
CH4N2O80Ru40,RuO2,110,amidines,Formimidamide,relaxed,tensor([False]),-1.5110210180282593,-1.551714081706244,-0.04069306367798475,0.04069306367798475
CH3Ir40NO81,IrO2,110,oximes,Formaldoxime,relaxed,tensor([True]),-3.1660232543945312,-3.145693615481761,0.020329638912770065,0.020329638912770065
CH2Ir40O81,IrO2,110,alcohols_aldehydes_ketones_ethers,Formaldehyde,relaxed,tensor([False]),-0.23596949875354767,-0.35422736202560756,-0.1182578632720599,0.1182578632720599
C3H6,None,None,alkanes_alkenes_alkynes,Propylene,relaxed,tensor([False]),0.0,0.07060196021696186,0.07060196021696186,0.07060196021696186
CH4N2O80Ru40,RuO2,110,amidines,Formimidamide,relaxed,tensor([False]),-0.3953358829021454,-0.28121001551153313,0.11412586739061226,0.11412586739061226
C2H4Ir40O81,IrO2,110,alcohols_aldehydes_ketones_ethers,Acetaldehyde,relaxed,tensor([False]),-0.6961441040039062,-0.8536093204659903,-0.157465216462084,0.157465216462084
C2H6N2O80Ru40,RuO2,110,amidines,Acetimidamide,relaxed,tensor([False]),-2.2366387844085693,-2.193041529090266,0.043597255318303496,0.043597255318303496
C3H8O81Ru40,RuO2,110,alcohols_aldehydes_ketones_ethers,Propan-2-ol,relaxed,tensor([False]),-1.7410261631011963,-1.7917361740398938,-0.050710010938697536,0.050710010938697536
CH3Ir40NO82,IrO2,110,carbamate-esters,Carbamic-acid,relaxed,tensor([True]),-3.367225408554077,-3.2908467056380744,0.0763787029160028,0.0763787029160028
CH2Ir40O81,IrO2,110,alcohols_aldehydes_ketones_ethers,Formaldehyde,relaxed,tensor([True]),-1.1420687437057495,-1.2456090668352888,-0.10354032312953931,0.10354032312953931
C3H8Ir40O80S,IrO2,110,thiols_thials_thioketones_thioethers,Propane-2-thiol,relaxed,tensor([False]),-0.21161767840385437,-0.2553809094906683,-0.0437632310868139,0.0437632310868139
C2H4Ir48O,Ir,110,alcohols_aldehydes_ketones_ethers,Acetaldehyde,initial,tensor([False]),-0.8155373930931091,-1.0142305229779804,-0.1986931298848713,0.1986931298848713
CH4N2O80Ru40,RuO2,110,amidines,Formimidamide,relaxed,tensor([False]),-1.498257040977478,-1.5730844891915492,-0.07482744821407117,0.07482744821407117
C3H9Ir40NO80,IrO2,110,amines,Propan-2-amine,relaxed,tensor([True]),-2.18571400642395,-2.237297543519418,-0.05158353709546759,0.05158353709546759
C2H6Ir40O81,IrO2,110,alcohols_aldehydes_ketones_ethers,Ethanol,relaxed,tensor([False]),-1.4896246194839478,-1.2354892640534483,0.2541353554304995,0.2541353554304995
CH3NO81Ru40,RuO2,110,amides,Formamide,relaxed,tensor([False]),-1.3570019006729126,-1.3454231520111648,0.011578748661747795,0.011578748661747795
C2H6O81Ru40,RuO2,110,alcohols_aldehydes_ketones_ethers,Ethanol,relaxed,tensor([False]),-1.717263102531433,-1.7907530844634536,-0.0734899819320205,0.0734899819320205
C2H4S,None,None,thiols_thials_thioketones_thioethers,Ethanethial,relaxed,tensor([False]),0.0,0.02004927273232937,0.02004927273232937,0.02004927273232937
CH3Ir40NO81,IrO2,110,amides,Formamide,relaxed,tensor([True]),-3.6285455226898193,-3.8334326193951824,-0.2048870967053631,0.2048870967053631
C3H4,None,None,alkanes_alkenes_alkynes,Prop-1-yne,relaxed,tensor([False]),0.0,0.11120859559482454,0.11120859559482454,0.11120859559482454
C2H4O81Ru40,RuO2,110,alcohols_aldehydes_ketones_ethers,Acetaldehyde,relaxed,tensor([False]),-1.2852226495742798,-1.3224737904093744,-0.03725114083509462,0.03725114083509462
C2H5Ir48N,Ir,110,imines,Ethanimine,initial,tensor([False]),-1.6094377040863037,-1.5469507751170681,0.06248692896923558,0.06248692896923558
C2H2Ir40O80,IrO2,110,alkanes_alkenes_alkynes,Acetylene,relaxed,tensor([True]),-2.5189740657806396,-2.6013363297038765,-0.08236226392323687,0.08236226392323687
C2H4O80Ru40,RuO2,110,alkanes_alkenes_alkynes,Ethene,relaxed,tensor([False]),-1.11976957321167,-1.0905537914975572,0.029215781714112765,0.029215781714112765
C3H9Ir40NO80,IrO2,110,amines,Propan-2-amine,relaxed,tensor([False]),-1.5352437496185303,-1.243502473392613,0.2917412762259173,0.2917412762259173
C2H6Ir40O80S,IrO2,110,thiols_thials_thioketones_thioethers,Ethanethiol,relaxed,tensor([True]),-3.199007272720337,-3.4693496879736188,-0.27034241525328184,0.27034241525328184
CH2Ir40O80S,IrO2,110,thiols_thials_thioketones_thioethers,Methanethial,relaxed,tensor([False]),-2.564100503921509,-2.2106855992389534,0.35341490468255543,0.35341490468255543
C3H6Ru48,Ru,110,alkanes_alkenes_alkynes,Propylene,initial,tensor([True]),-1.3349756002426147,-1.9187528503843652,-0.5837772501417504,0.5837772501417504
C3H7Ir40NO80,IrO2,110,imines,Propan-2-imine,relaxed,tensor([False]),-2.7908976078033447,-2.8804171928484266,-0.08951958504508184,0.08951958504508184
C3H6Ir40O81,IrO2,110,alcohols_aldehydes_ketones_ethers,Propan-2-one,relaxed,tensor([False]),-2.0178627967834473,-1.763124201979707,0.25473859480374017,0.25473859480374017
C3H8O80Ru40,RuO2,110,alkanes_alkenes_alkynes,Propane,relaxed,tensor([False]),-0.7290334701538086,-0.47574257134169784,0.25329089881211075,0.25329089881211075
CH2Ru48S,Ru,110,thiols_thials_thioketones_thioethers,Methanethial,relaxed,tensor([False]),-3.2076404094696045,-3.257860390317788,-0.050219980848183354,0.050219980848183354
C3H8Ir40O80S,IrO2,110,thiols_thials_thioketones_thioethers,Propane-2-thiol,relaxed,tensor([True]),-3.3981006145477295,-3.3104211535074057,0.08767946104032376,0.08767946104032376
CH3NO82Ru40,RuO2,110,carbamate-esters,Carbamic-acid,relaxed,tensor([False]),-1.6625016927719116,-1.5836526873443013,0.07884900542761031,0.07884900542761031
C3H9NRu48,Ru,110,amines,Propan-2-amine,relaxed,tensor([False]),-1.3362622261047363,-1.3481811419726744,-0.01191891586793803,0.01191891586793803
C3H9NO80Ru40,RuO2,110,amines,Propan-2-amine,relaxed,tensor([False]),-1.8988723754882812,-2.0148312308602456,-0.11595885537196438,0.11595885537196438
C2H7Ir40NO80,IrO2,110,amines,Ethanamine,relaxed,tensor([False]),-2.8022267818450928,-2.704261482597339,0.09796529924775399,0.09796529924775399
C3H9Ir48N,Ir,110,amines,Trimethylamine,relaxed,tensor([False]),-1.3505345582962036,-1.3239990719654653,0.026535486330738323,0.026535486330738323
C2H6Ru48,Ru,110,alkanes_alkenes_alkynes,Ethane,initial,tensor([False]),-0.1979643553495407,-0.21972812716776957,-0.02176377181822886,0.02176377181822886
CH2O82Ru40,RuO2,110,carbonates_carboxylic-acids_esters,Formic-acid,relaxed,tensor([False]),-1.278113603591919,-1.1795218447974696,0.09859175879444937,0.09859175879444937
CH3NO81Ru40,RuO2,110,amides,Formamide,relaxed,tensor([True]),-2.5132827758789062,-2.702751668147613,-0.18946889226870667,0.18946889226870667
C2H7NO80Ru40,RuO2,110,amines,Ethanamine,relaxed,tensor([False]),-0.2822464406490326,-0.3791771138596367,-0.09693067321060411,0.09693067321060411
C2H4Ir40O80,IrO2,110,alkanes_alkenes_alkynes,Ethene,relaxed,tensor([False]),-1.1976959705352783,-1.170703360278389,0.02699261025688937,0.02699261025688937
C3H8O81Ru40,RuO2,110,alcohols_aldehydes_ketones_ethers,Propan-2-ol,relaxed,tensor([False]),-0.24033412337303162,-0.3415281501918841,-0.10119402681885248,0.10119402681885248
C2H5NO80Ru40,RuO2,110,imines,N-methylmethanimine,relaxed,tensor([False]),-0.25239330530166626,-0.2655605289578311,-0.01316722365616485,0.01316722365616485
CH2O83Ru40,RuO2,110,carbonates_carboxylic-acids_esters,Carbonic-acid,relaxed,tensor([False]),-0.8827897310256958,-0.9629215968102613,-0.08013186578456555,0.08013186578456555
C2H5NRu48,Ru,110,imines,N-methylmethanimine,initial,tensor([False]),-1.2120624780654907,-1.1420334697854724,0.07002900828001835,0.07002900828001835
CH2Ir48O2,Ir,110,carbonates_carboxylic-acids_esters,Formic-acid,initial,tensor([False]),-0.24098321795463562,-0.3089405622276473,-0.0679573442730117,0.0679573442730117
C2H4Ir40O80S,IrO2,110,thiols_thials_thioketones_thioethers,Ethanethial,relaxed,tensor([False]),-2.588972330093384,-2.322001246802486,0.2669710832908976,0.2669710832908976
C2H2Ir48,Ir,110,alkanes_alkenes_alkynes,Acetylene,relaxed,tensor([False]),-1.1731005907058716,-1.5004106293112223,-0.3273100386053507,0.3273100386053507
C3H8O80Ru40S,RuO2,110,thiols_thials_thioketones_thioethers,Propane-2-thiol,relaxed,tensor([False]),-1.814609169960022,-1.6728437598966792,0.14176541006334276,0.14176541006334276
C2H6O80Ru40S,RuO2,110,thiols_thials_thioketones_thioethers,Ethanethiol,relaxed,tensor([True]),-2.313030242919922,-2.3809731292788996,-0.06794288635897772,0.06794288635897772
C3H6Ir40O81,IrO2,110,alcohols_aldehydes_ketones_ethers,Propan-2-one,relaxed,tensor([False]),-1.5034236907958984,-1.6457158015846396,-0.14229211078874116,0.14229211078874116
C3H9NO80Ru40,RuO2,110,amines,Propan-2-amine,relaxed,tensor([False]),-2.144754648208618,-1.9607458592406388,0.18400878896797934,0.18400878896797934
C2H6O81Ru40,RuO2,110,alcohols_aldehydes_ketones_ethers,Methoxymethane,relaxed,tensor([False]),-1.296093463897705,-1.2201786095774536,0.07591485432025147,0.07591485432025147
CH2Ir40O83,IrO2,110,carbonates_carboxylic-acids_esters,Carbonic-acid,relaxed,tensor([False]),-1.218430757522583,-1.138186620685632,0.08024413683695109,0.08024413683695109
C2H6Ir40O80,IrO2,110,alkanes_alkenes_alkynes,Ethane,relaxed,tensor([False]),-0.8221453428268433,-0.9483285187991832,-0.12618317597233997,0.12618317597233997
CH3NO81Ru40,RuO2,110,oximes,Formaldoxime,relaxed,tensor([False]),-1.7681602239608765,-1.8213138971316525,-0.05315367317077602,0.05315367317077602
C3H8O81Ru40,RuO2,110,alcohols_aldehydes_ketones_ethers,Propan-2-ol,relaxed,tensor([False]),-1.7450718879699707,-1.714606130600652,0.03046575736931878,0.03046575736931878
C2H6,None,None,alkanes_alkenes_alkynes,Ethane,initial,tensor([False]),0.0,0.05692616815811391,0.05692616815811391,0.05692616815811391
C2H4Ir40O82,IrO2,110,carbonates_carboxylic-acids_esters,Acetic-acid,relaxed,tensor([False]),-1.7461878061294556,-1.8266205570279297,-0.08043275089847413,0.08043275089847413
C2H6N2O80Ru40,RuO2,110,amidines,Acetimidamide,relaxed,tensor([False]),-0.4174712002277374,-0.39506886663412644,0.02240233359361099,0.02240233359361099
C2H6Ir40O81,IrO2,110,alcohols_aldehydes_ketones_ethers,Methoxymethane,relaxed,tensor([False]),-1.0534008741378784,-0.993154012704581,0.06024686143329738,0.06024686143329738
C2H7NO80Ru40,RuO2,110,amines,Ethanamine,relaxed,tensor([False]),-0.7939477562904358,-0.7628119471246109,0.031135809165824924,0.031135809165824924
CH2Ir40O83,IrO2,110,carbonates_carboxylic-acids_esters,Carbonic-acid,relaxed,tensor([True]),-2.65096378326416,-2.5794110591948254,0.07155272406933477,0.07155272406933477
CH2O2Ru48,Ru,110,carbonates_carboxylic-acids_esters,Formic-acid,relaxed,tensor([False]),-0.3037988543510437,-0.28764598868517055,0.01615286566587315,0.01615286566587315
C3H7Ir40NO80,IrO2,110,imines,Propan-2-imine,relaxed,tensor([False]),-2.830420732498169,-2.897070362199095,-0.06664962970092603,0.06664962970092603
C2H5NO81Ru40,RuO2,110,amides,Acetamide,relaxed,tensor([False]),-1.6318732500076294,-1.5034120024390294,0.1284612475686,0.1284612475686
C2H4O82Ru40,RuO2,110,carbonates_carboxylic-acids_esters,Acetic-acid,relaxed,tensor([False]),-0.9988272190093994,-1.133483540390107,-0.1346563213807075,0.1346563213807075
CH4Ir40O80S,IrO2,110,thiols_thials_thioketones_thioethers,Methanethiol,relaxed,tensor([False]),-2.486884117126465,-2.185250308972691,0.30163380815377394,0.30163380815377394
C2H5N,None,None,imines,N-methylmethanimine,relaxed,tensor([False]),0.0,-0.03557384437173994,-0.03557384437173994,0.03557384437173994
CH3Ir40NO80,IrO2,110,imines,Methanimine,relaxed,tensor([False]),-0.5223361849784851,-0.7319569709528615,-0.2096207859743764,0.2096207859743764
C2H6S,None,None,thiols_thials_thioketones_thioethers,Ethanethiol,relaxed,tensor([False]),0.0,-0.04460598355377954,-0.04460598355377954,0.04460598355377954
C3H8Ir40O80S,IrO2,110,thiols_thials_thioketones_thioethers,Propane-2-thiol,relaxed,tensor([False]),-0.36396321654319763,-0.932050258496341,-0.5680870419531434,0.5680870419531434
C2H7Ir40NO80,IrO2,110,amines,Ethanamine,relaxed,tensor([False]),-1.0799410343170166,-0.9864907152302216,0.09345031908679502,0.09345031908679502
CH4Ir40N2O80,IrO2,110,amidines,Formimidamide,relaxed,tensor([True]),-4.367753028869629,-4.198310165084635,0.16944286378499385,0.16944286378499385
CH4O80Ru40S,RuO2,110,thiols_thials_thioketones_thioethers,Methanethiol,relaxed,tensor([False]),-0.37184980511665344,-0.3630193061440963,0.008830498972557166,0.008830498972557166
C2H6O81Ru40,RuO2,110,alcohols_aldehydes_ketones_ethers,Ethanol,relaxed,tensor([False]),-1.626952052116394,-1.7369207786702265,-0.1099687265538325,0.1099687265538325
C2H6O,None,None,alcohols_aldehydes_ketones_ethers,Ethanol,initial,tensor([False]),0.0,-0.07300143091883626,-0.07300143091883626,0.07300143091883626
C3H4Ir40O80,IrO2,110,alkanes_alkenes_alkynes,Prop-1-yne,relaxed,tensor([False]),-1.8148880004882812,-1.743204788078602,0.07168321240967934,0.07168321240967934
C3H6Ru48,Ru,110,alkanes_alkenes_alkynes,Propylene,relaxed,tensor([False]),-1.3349756002426147,-1.7257729227828076,-0.39079732254019284,0.39079732254019284
C3H9NO80Ru40,RuO2,110,amines,Trimethylamine,relaxed,tensor([False]),-0.4818277060985565,-0.3216869372704494,0.16014076882810713,0.16014076882810713
C2H4Ru48,Ru,110,alkanes_alkenes_alkynes,Ethene,relaxed,tensor([False]),-1.2128928899765015,-1.1527981763780586,0.06009471359844287,0.06009471359844287
C2H4O80Ru40S,RuO2,110,thiols_thials_thioketones_thioethers,Ethanethial,relaxed,tensor([False]),-0.21411243081092834,-0.39695285043266537,-0.18284041962173703,0.18284041962173703
C3H8Ir40O80,IrO2,110,alkanes_alkenes_alkynes,Propane,relaxed,tensor([False]),-0.41814878582954407,-0.5898486594624472,-0.17169987363290318,0.17169987363290318
CH2O81Ru40,RuO2,110,alcohols_aldehydes_ketones_ethers,Formaldehyde,relaxed,tensor([False]),-0.264438271522522,-0.2203120751567127,0.04412619636580928,0.04412619636580928
C2H7NO80Ru40,RuO2,110,amines,Ethanamine,relaxed,tensor([False]),-0.3300057649612427,-0.34115084451925526,-0.011145079558012583,0.011145079558012583
C2H2O80Ru40,RuO2,110,alkanes_alkenes_alkynes,Acetylene,relaxed,tensor([False]),-0.558383584022522,-0.6468124662338752,-0.08842888221135325,0.08842888221135325
C3H9Ir40NO80,IrO2,110,amines,Propan-2-amine,relaxed,tensor([False]),-2.681627035140991,-2.8100554841434118,-0.12842844900242056,0.12842844900242056
C2H6O81Ru40,RuO2,110,alcohols_aldehydes_ketones_ethers,Methoxymethane,relaxed,tensor([False]),-0.30626827478408813,-0.3134503591710356,-0.0071820843869474515,0.0071820843869474515
CH2Ir48O,Ir,110,alcohols_aldehydes_ketones_ethers,Formaldehyde,initial,tensor([False]),-0.9446554183959961,-0.8500458944400293,0.09460952395596678,0.09460952395596678
C3H8Ir40O81,IrO2,110,alcohols_aldehydes_ketones_ethers,Propan-2-ol,relaxed,tensor([False]),-2.0562589168548584,-2.058706744117032,-0.0024478272621735186,0.0024478272621735186
C3H8Ir40O81,IrO2,110,alcohols_aldehydes_ketones_ethers,Propan-2-ol,relaxed,tensor([False]),-1.2317934036254883,-1.1269023643001876,0.10489103932530064,0.10489103932530064
CH2S,None,None,thiols_thials_thioketones_thioethers,Methanethial,relaxed,tensor([False]),0.0,0.025786614982024503,0.025786614982024503,0.025786614982024503
CH3NO81Ru40,RuO2,110,amides,Formamide,relaxed,tensor([False]),-0.40854349732398987,-0.22840000334244337,0.1801434939815465,0.1801434939815465
C2H5Ir40NO81,IrO2,110,amides,Acetamide,relaxed,tensor([False]),-0.42302876710891724,-0.6058856299471991,-0.18285686283828184,0.18285686283828184
CH3Ir40NO81,IrO2,110,oximes,Formaldoxime,relaxed,tensor([False]),-2.7773914337158203,-2.7955960845379906,-0.018204650822170265,0.018204650822170265
C2H5NO80Ru40,RuO2,110,imines,Ethanimine,relaxed,tensor([False]),-0.6818129420280457,-0.43094657663294456,0.2508663653951011,0.2508663653951011
C3H9NO80Ru40,RuO2,110,amines,Propan-2-amine,relaxed,tensor([False]),-0.8205997943878174,-0.7406294388867458,0.07997035550107157,0.07997035550107157
C3H8O,None,None,alcohols_aldehydes_ketones_ethers,Propan-2-ol,relaxed,tensor([False]),0.0,-0.09362435775737055,-0.09362435775737055,0.09362435775737055
C2H5NO80Ru40,RuO2,110,imines,Ethanimine,relaxed,tensor([False]),-1.9168095588684082,-1.9990571789927287,-0.08224762012432052,0.08224762012432052
CH3NO,None,None,oximes,Formaldoxime,initial,tensor([False]),0.0,0.020239937549959564,0.020239937549959564,0.020239937549959564
C2H7Ir48N,Ir,110,amines,Ethanamine,relaxed,tensor([False]),-1.4377164840698242,-1.4475646973580538,-0.009848213288229601,0.009848213288229601
CH3NO82Ru40,RuO2,110,carbamate-esters,Carbamic-acid,relaxed,tensor([True]),-1.8683699369430542,-1.970987140017538,-0.10261720307448385,0.10261720307448385
C3H9NO80Ru40,RuO2,110,amines,Propan-2-amine,relaxed,tensor([False]),-1.9024815559387207,-1.918621243135945,-0.01613968719722436,0.01613968719722436
C3H9Ir40NO80,IrO2,110,amines,Propan-2-amine,relaxed,tensor([False]),-2.908511161804199,-2.91142312679478,-0.002911964990580884,0.002911964990580884
CH4S,None,None,thiols_thials_thioketones_thioethers,Methanethiol,initial,tensor([False]),0.0,-0.03254628589886721,-0.03254628589886721,0.03254628589886721
C2H6S,None,None,thiols_thials_thioketones_thioethers,Ethanethiol,initial,tensor([False]),0.0,-0.04460598355377954,-0.04460598355377954,0.04460598355377954
C3H8O80Ru40,RuO2,110,alkanes_alkenes_alkynes,Propane,relaxed,tensor([False]),-0.40236806869506836,-0.4489749943888661,-0.04660692569379776,0.04660692569379776
C2H4Ir48S,Ir,110,thiols_thials_thioketones_thioethers,Ethanethial,relaxed,tensor([False]),-3.133632183074951,-3.1773021970081103,-0.04367001393315917,0.04367001393315917
C3H8O80Ru40S,RuO2,110,thiols_thials_thioketones_thioethers,Propane-2-thiol,relaxed,tensor([False]),-1.7551279067993164,-1.6557369479352246,0.09939095886409177,0.09939095886409177
CH5Ir40NO80,IrO2,110,amines,Methanamine,relaxed,tensor([False]),-2.766110420227051,-2.611387596598277,0.15472282362877365,0.15472282362877365
C2H6N2Ru48,Ru,110,amidines,Acetimidamide,relaxed,tensor([False]),-1.5792005062103271,-1.5859651639871792,-0.00676465777685209,0.00676465777685209
C2H5Ir40NO80,IrO2,110,imines,N-methylmethanimine,relaxed,tensor([False]),-2.6325106620788574,-2.7452002132441464,-0.112689551165289,0.112689551165289
C3H9Ir48N,Ir,110,amines,Trimethylamine,initial,tensor([False]),-1.3505345582962036,-1.3239990719654653,0.026535486330738323,0.026535486330738323
C2H6Ru48S,Ru,110,thiols_thials_thioketones_thioethers,Dimethylsulfane,relaxed,tensor([False]),-1.3950748443603516,-1.349088449385217,0.04598639497513446,0.04598639497513446
CH2O83Ru40,RuO2,110,carbonates_carboxylic-acids_esters,Carbonic-acid,relaxed,tensor([True]),-1.8413459062576294,-1.711501909722056,0.12984399653557332,0.12984399653557332
C2H5Ir40NO81,IrO2,110,amides,Acetamide,relaxed,tensor([False]),-1.9378560781478882,-1.9462715473031125,-0.008415469155224287,0.008415469155224287
C3H9Ir40NO80,IrO2,110,amines,Propan-2-amine,relaxed,tensor([False]),-0.5272654294967651,-0.4851929659337344,0.04207246356303074,0.04207246356303074
C3H6Ir40O80,IrO2,110,alkanes_alkenes_alkynes,Propylene,relaxed,tensor([False]),-1.2761489152908325,-1.231136403501938,0.04501251178889443,0.04501251178889443
CH2Ir40O83,IrO2,110,carbonates_carboxylic-acids_esters,Carbonic-acid,relaxed,tensor([False]),-1.1927516460418701,-1.0897341606090434,0.10301748543282674,0.10301748543282674
C2H5N,None,None,imines,Ethanimine,initial,tensor([False]),0.0,0.0192248338002301,0.0192248338002301,0.0192248338002301
C2H5Ir40NO80,IrO2,110,imines,Ethanimine,relaxed,tensor([False]),-0.7986303567886353,-0.490899122473035,0.30773123431560023,0.30773123431560023
C2H6Ru48S,Ru,110,thiols_thials_thioketones_thioethers,Ethanethiol,initial,tensor([False]),-1.2489324808120728,-1.2231846797939943,0.025747801018078498,0.025747801018078498
C3H7NO80Ru40,RuO2,110,imines,Propan-2-imine,relaxed,tensor([False]),-0.43442288041114807,-0.35421759799863395,0.08020528241251412,0.08020528241251412
C2H5Ir40NO81,IrO2,110,amides,Acetamide,relaxed,tensor([True]),-3.725090742111206,-3.7829749684397598,-0.05788422632855372,0.05788422632855372
C3H4Ir48,Ir,110,alkanes_alkenes_alkynes,Prop-1-yne,relaxed,tensor([False]),-2.8505544662475586,-2.706561887352322,0.14399257889523653,0.14399257889523653
C3H9NO80Ru40,RuO2,110,amines,Propan-2-amine,relaxed,tensor([False]),-0.48554784059524536,-0.5016623348736147,-0.016114494278369307,0.016114494278369307
CH4O80Ru40S,RuO2,110,thiols_thials_thioketones_thioethers,Methanethiol,relaxed,tensor([False]),-1.6977403163909912,-1.6728316288328635,0.024908687558127696,0.024908687558127696
C2H6Ir40O80,IrO2,110,alkanes_alkenes_alkynes,Ethane,relaxed,tensor([False]),-1.0213536024093628,-1.1374253890342065,-0.11607178662484374,0.11607178662484374
CH4Ir40O81,IrO2,110,alcohols_aldehydes_ketones_ethers,Methanol,relaxed,tensor([False]),-1.8518341779708862,-1.7398656979693499,0.11196848000153636,0.11196848000153636
C2H6Ir40O81,IrO2,110,alcohols_aldehydes_ketones_ethers,Methoxymethane,relaxed,tensor([False]),-0.5049252510070801,-0.5897875307360003,-0.08486227972892024,0.08486227972892024
C3H9Ir40NO80,IrO2,110,amines,Propan-2-amine,relaxed,tensor([False]),-2.878056526184082,-2.8100554841434118,0.06800104204067026,0.06800104204067026
C3H8Ir40O80,IrO2,110,alkanes_alkenes_alkynes,Propane,relaxed,tensor([False]),-0.8764341473579407,-1.0438225666426337,-0.16738841928469306,0.16738841928469306
CH2Ir40O80S,IrO2,110,thiols_thials_thioketones_thioethers,Methanethial,relaxed,tensor([False]),-2.415130853652954,-2.659139724443193,-0.24400887079023903,0.24400887079023903
C3H8Ru48,Ru,110,alkanes_alkenes_alkynes,Propane,initial,tensor([False]),-0.33134740591049194,-0.27352969107001,0.057817714840481926,0.057817714840481926
C2H5Ir48N,Ir,110,imines,Ethanimine,relaxed,tensor([False]),-1.6094377040863037,-1.5469507751170681,0.06248692896923558,0.06248692896923558
C3H7Ir40NO80,IrO2,110,imines,Propan-2-imine,relaxed,tensor([False]),-2.7376527786254883,-2.791363585960653,-0.053710807335164645,0.053710807335164645
CH4Ir40N2O80,IrO2,110,amidines,Formimidamide,relaxed,tensor([False]),-3.2080142498016357,-2.9851545491481914,0.2228597006534443,0.2228597006534443
C2H5NO80Ru40,RuO2,110,imines,N-methylmethanimine,relaxed,tensor([False]),-0.6491614580154419,-0.4268068067238957,0.2223546512915462,0.2223546512915462
C3H7Ir40NO80,IrO2,110,imines,Propan-2-imine,relaxed,tensor([False]),-0.02868662029504776,-0.12212359968795283,-0.09343697939290507,0.09343697939290507
C2H4O81Ru40,RuO2,110,alcohols_aldehydes_ketones_ethers,Acetaldehyde,relaxed,tensor([False]),-1.3763676881790161,-1.1129093153345986,0.26345837284441753,0.26345837284441753
C2H7N,None,None,amines,Ethanamine,relaxed,tensor([False]),0.0,-0.07960794909694613,-0.07960794909694613,0.07960794909694613
CH4O81Ru40,RuO2,110,alcohols_aldehydes_ketones_ethers,Methanol,relaxed,tensor([False]),-0.8117673993110657,-0.7716459357350072,0.0401214635760585,0.0401214635760585
C3H7NRu48,Ru,110,imines,Propan-2-imine,relaxed,tensor([False]),-1.4004552364349365,-1.470327159210191,-0.06987192277525445,0.06987192277525445
CH3N,None,None,imines,Methanimine,initial,tensor([False]),0.0,0.058021751160474366,0.058021751160474366,0.058021751160474366
C2H5Ir40NO80,IrO2,110,imines,Ethanimine,relaxed,tensor([False]),-0.10763505846261978,-0.4908991816489561,-0.3832641231863363,0.3832641231863363
C3H6Ir40O81,IrO2,110,alcohols_aldehydes_ketones_ethers,Propan-2-one,relaxed,tensor([False]),-0.9269722700119019,-0.741327951458846,0.18564431855305585,0.18564431855305585
CH4O,None,None,alcohols_aldehydes_ketones_ethers,Methanol,relaxed,tensor([False]),0.0,-0.048774098729012394,-0.048774098729012394,0.048774098729012394
C2H5Ir40NO80,IrO2,110,imines,Ethanimine,relaxed,tensor([False]),-2.7357704639434814,-2.92865172280176,-0.19288125885827867,0.19288125885827867
CH4O81Ru40,RuO2,110,alcohols_aldehydes_ketones_ethers,Methanol,relaxed,tensor([False]),-1.5895730257034302,-1.530237956437979,0.05933506926545107,0.05933506926545107
CH3NO81Ru40,RuO2,110,oximes,Formaldoxime,relaxed,tensor([False]),-0.2766554355621338,-0.20244071029526367,0.07421472526687012,0.07421472526687012
C3H9Ir48N,Ir,110,amines,Propan-2-amine,initial,tensor([False]),-1.4969991445541382,-1.3978642319004546,0.09913491265368357,0.09913491265368357
C2H4O82Ru40,RuO2,110,carbonates_carboxylic-acids_esters,Acetic-acid,relaxed,tensor([False]),-1.3411883115768433,-1.2888525581396435,0.05233575343719976,0.05233575343719976
C2H6Ir48,Ir,110,alkanes_alkenes_alkynes,Ethane,initial,tensor([False]),-0.2283741533756256,-0.2998079423316611,-0.07143378895603547,0.07143378895603547
CH3NORu48,Ru,110,oximes,Formaldoxime,initial,tensor([False]),-1.324989914894104,-1.3043820470209369,0.02060786787316715,0.02060786787316715
C3H8O80Ru40,RuO2,110,alkanes_alkenes_alkynes,Propane,relaxed,tensor([False]),-0.7347290515899658,-0.6347717048736996,0.09995734671626622,0.09995734671626622
CH2O80Ru40S,RuO2,110,thiols_thials_thioketones_thioethers,Methanethial,relaxed,tensor([False]),-0.8345360159873962,-0.8829322320416981,-0.04839621605430189,0.04839621605430189
C2H5NO,None,None,amides,Acetamide,initial,tensor([False]),0.0,-0.06671387095519776,-0.06671387095519776,0.06671387095519776
C2H5NO,None,None,amides,Acetamide,relaxed,tensor([False]),0.0,-0.06671387095519776,-0.06671387095519776,0.06671387095519776
C3H4O80Ru40,RuO2,110,alkanes_alkenes_alkynes,Prop-1-yne,relaxed,tensor([False]),-0.6010286808013916,-0.7592241110312159,-0.1581954302298243,0.1581954302298243
C3H8Ir40O81,IrO2,110,alcohols_aldehydes_ketones_ethers,Propan-2-ol,relaxed,tensor([False]),-1.0674192905426025,-1.160635479744153,-0.09321618920155039,0.09321618920155039
C2H6O80Ru40S,RuO2,110,thiols_thials_thioketones_thioethers,Dimethylsulfane,relaxed,tensor([False]),-0.6233890652656555,-0.519811826564009,0.10357723870164648,0.10357723870164648
CH5N,None,None,amines,Methanamine,relaxed,tensor([False]),0.0,-0.02948073648467897,-0.02948073648467897,0.02948073648467897
C3H4O80Ru40,RuO2,110,alkanes_alkenes_alkynes,Prop-1-yne,relaxed,tensor([False]),-1.171462893486023,-1.1465925750650774,0.02487031842094556,0.02487031842094556
C3H8Ir48,Ir,110,alkanes_alkenes_alkynes,Propane,relaxed,tensor([False]),-0.37916886806488037,-0.2810561581167974,0.09811270994808297,0.09811270994808297
CH4Ir40O80S,IrO2,110,thiols_thials_thioketones_thioethers,Methanethiol,relaxed,tensor([False]),-2.470672607421875,-2.2128976543438057,0.2577749530780693,0.2577749530780693
CH2O83Ru40,RuO2,110,carbonates_carboxylic-acids_esters,Carbonic-acid,relaxed,tensor([False]),-0.0748886689543724,-0.3002424711199474,-0.225353802165575,0.225353802165575
C3H9NO80Ru40,RuO2,110,amines,Propan-2-amine,relaxed,tensor([False]),-2.135925769805908,-1.9851927340975664,0.15073303570834184,0.15073303570834184
C3H6O81Ru40,RuO2,110,alcohols_aldehydes_ketones_ethers,Propan-2-one,relaxed,tensor([False]),-0.6252017617225647,-0.7852627885764871,-0.16006102685392243,0.16006102685392243
C2H4O80Ru40S,RuO2,110,thiols_thials_thioketones_thioethers,Ethanethial,relaxed,tensor([False]),-1.3995556831359863,-1.5403318595834978,-0.1407761764475115,0.1407761764475115
CH2O83Ru40,RuO2,110,carbonates_carboxylic-acids_esters,Carbonic-acid,relaxed,tensor([True]),-2.0679545402526855,-2.1852169337532175,-0.11726239350053191,0.11726239350053191
C2H6Ir40O80S,IrO2,110,thiols_thials_thioketones_thioethers,Dimethylsulfane,relaxed,tensor([False]),-0.5285320281982422,-0.3460011397123779,0.1825308884858643,0.1825308884858643
CH2Ir40O82,IrO2,110,carbonates_carboxylic-acids_esters,Formic-acid,relaxed,tensor([True]),-2.1002957820892334,-2.2516520833927345,-0.15135630130350108,0.15135630130350108
C3H7NRu48,Ru,110,imines,Propan-2-imine,initial,tensor([False]),-1.4004552364349365,-1.470327159210191,-0.06987192277525445,0.06987192277525445
C2H2Ir40O80,IrO2,110,alkanes_alkenes_alkynes,Acetylene,relaxed,tensor([False]),-2.5642411708831787,-2.2912548584458676,0.2729863124373111,0.2729863124373111
C3H6Ru48S,Ru,110,thiols_thials_thioketones_thioethers,Propane-2-thione,initial,tensor([False]),-2.9218966960906982,-3.119933153529317,-0.19803645743861864,0.19803645743861864
CH3NO82Ru40,RuO2,110,carbamate-esters,Carbamic-acid,relaxed,tensor([True]),-2.4599599838256836,-2.296167288356095,0.16379269546958852,0.16379269546958852
CH3Ir40NO82,IrO2,110,carbamate-esters,Carbamic-acid,relaxed,tensor([False]),-1.9463276863098145,-1.8908072583711473,0.05552042793866718,0.05552042793866718
C2H6Ir40O80S,IrO2,110,thiols_thials_thioketones_thioethers,Dimethylsulfane,relaxed,tensor([False]),-1.3093390464782715,-1.393228715712791,-0.08388966923451946,0.08388966923451946
C2H4O2,None,None,carbonates_carboxylic-acids_esters,Acetic-acid,relaxed,tensor([False]),0.0,-0.05422680479844644,-0.05422680479844644,0.05422680479844644
C3H6O81Ru40,RuO2,110,alcohols_aldehydes_ketones_ethers,Propan-2-one,relaxed,tensor([False]),-0.260150671005249,-0.290958893449357,-0.03080822244410797,0.03080822244410797
CH2Ir40O81,IrO2,110,alcohols_aldehydes_ketones_ethers,Formaldehyde,relaxed,tensor([False]),-0.2579692304134369,-0.139265088739144,0.11870414167429288,0.11870414167429288
CH3NO82Ru40,RuO2,110,carbamate-esters,Carbamic-acid,relaxed,tensor([True]),-2.430299758911133,-2.357150560389073,0.07314919852206003,0.07314919852206003
C3H7NO80Ru40,RuO2,110,imines,Propan-2-imine,relaxed,tensor([False]),-2.0319411754608154,-1.9914968633190995,0.040444312141715955,0.040444312141715955
CH3Ir48NO,Ir,110,oximes,Formaldoxime,relaxed,tensor([False]),-1.1592081785202026,-1.3153719068976415,-0.15616372837743886,0.15616372837743886
CH2Ir40O80S,IrO2,110,thiols_thials_thioketones_thioethers,Methanethial,relaxed,tensor([False]),-2.52251935005188,-2.345533735327315,0.17698561472456475,0.17698561472456475
C3H9NO80Ru40,RuO2,110,amines,Trimethylamine,relaxed,tensor([False]),-0.7889701724052429,-0.8322939761752242,-0.04332380376998124,0.04332380376998124
CH3Ir40NO81,IrO2,110,oximes,Formaldoxime,relaxed,tensor([False]),-1.4912084341049194,-1.6316109840981632,-0.14040254999324375,0.14040254999324375
C3H8O81Ru40,RuO2,110,alcohols_aldehydes_ketones_ethers,Propan-2-ol,relaxed,tensor([False]),-0.9235273599624634,-0.802709477440505,0.12081788252195835,0.12081788252195835
CH2O,None,None,alcohols_aldehydes_ketones_ethers,Formaldehyde,initial,tensor([False]),0.0,0.03987592837718523,0.03987592837718523,0.03987592837718523
C3H9Ir40NO80,IrO2,110,amines,Trimethylamine,relaxed,tensor([False]),-2.4104888439178467,-2.419239593682832,-0.008750749764985244,0.008750749764985244
C3H8O80Ru40S,RuO2,110,thiols_thials_thioketones_thioethers,Propane-2-thiol,relaxed,tensor([False]),-1.7734941244125366,-1.7169706820540558,0.056523442358480835,0.056523442358480835
CH2O82Ru40,RuO2,110,carbonates_carboxylic-acids_esters,Formic-acid,relaxed,tensor([False]),-0.19747382402420044,-0.2704358555655588,-0.07296203154135839,0.07296203154135839
C2H5NO81Ru40,RuO2,110,amides,Acetamide,relaxed,tensor([False]),-1.559349536895752,-1.567285219340473,-0.007935682444720982,0.007935682444720982
CH2O3Ru48,Ru,110,carbonates_carboxylic-acids_esters,Carbonic-acid,relaxed,tensor([False]),-0.6771644353866577,-0.3417194067687248,0.3354450286179329,0.3354450286179329
C2H5Ir48N,Ir,110,imines,N-methylmethanimine,relaxed,tensor([False]),-1.3624316453933716,-1.3969846853918755,-0.0345530399985039,0.0345530399985039
C2H2Ru48,Ru,110,alkanes_alkenes_alkynes,Acetylene,initial,tensor([False]),-3.161789655685425,-2.895371184802002,0.26641847088342274,0.26641847088342274
C2H6O80Ru40S,RuO2,110,thiols_thials_thioketones_thioethers,Ethanethiol,relaxed,tensor([True]),-2.3273215293884277,-2.235301362174564,0.09202016721386386,0.09202016721386386
CH2O,None,None,alcohols_aldehydes_ketones_ethers,Formaldehyde,relaxed,tensor([False]),0.0,0.03987592837718523,0.03987592837718523,0.03987592837718523
C3H6Ir40O80S,IrO2,110,thiols_thials_thioketones_thioethers,Propane-2-thione,relaxed,tensor([False]),-0.7456895709037781,-0.5817410848709272,0.16394848603285084,0.16394848603285084
C2H6Ir40N2O80,IrO2,110,amidines,Acetimidamide,relaxed,tensor([False]),-0.4444834589958191,-0.3289859320767121,0.11549752691910697,0.11549752691910697
CH5NO80Ru40,RuO2,110,amines,Methanamine,relaxed,tensor([False]),-0.7598351836204529,-0.6657402988138692,0.09409488480658368,0.09409488480658368
C3H7NO80Ru40,RuO2,110,imines,Propan-2-imine,relaxed,tensor([False]),-1.9220315217971802,-1.9956626114574902,-0.07363108966031007,0.07363108966031007
CH3NO,None,None,amides,Formamide,relaxed,tensor([False]),0.0,-0.023032218015778483,-0.023032218015778483,0.023032218015778483
C2H6Ir40O81,IrO2,110,alcohols_aldehydes_ketones_ethers,Methoxymethane,relaxed,tensor([False]),-1.6971824169158936,-1.5423919213351276,0.15479049558076596,0.15479049558076596
C3H6S,None,None,thiols_thials_thioketones_thioethers,Propane-2-thione,initial,tensor([False]),0.0,-0.013568449665584126,-0.013568449665584126,0.013568449665584126
C2H6O80Ru40S,RuO2,110,thiols_thials_thioketones_thioethers,Ethanethiol,relaxed,tensor([False]),-1.630557894706726,-1.6064920778938063,0.02406581681291975,0.02406581681291975
C2H6Ir48O,Ir,110,alcohols_aldehydes_ketones_ethers,Ethanol,relaxed,tensor([False]),-0.6590899229049683,-0.6010377017909185,0.05805222111404973,0.05805222111404973
C2H6O80Ru40S,RuO2,110,thiols_thials_thioketones_thioethers,Dimethylsulfane,relaxed,tensor([False]),-1.8343639373779297,-1.7167643060293862,0.11759963134854345,0.11759963134854345
CH2O3,None,None,carbonates_carboxylic-acids_esters,Carbonic-acid,relaxed,tensor([False]),0.0,-0.09526199219656917,-0.09526199219656917,0.09526199219656917
C2H5Ir40NO81,IrO2,110,amides,Acetamide,relaxed,tensor([False]),-0.5226708054542542,-0.509083350429087,0.013587455025167117,0.013587455025167117
C2H6N2O80Ru40,RuO2,110,amidines,Acetimidamide,relaxed,tensor([False]),-1.548731803894043,-1.6655094666535089,-0.11677766275946588,0.11677766275946588
CH3Ir40NO82,IrO2,110,carbamate-esters,Carbamic-acid,relaxed,tensor([False]),-1.8681648969650269,-1.7278597024627924,0.14030519450223444,0.14030519450223444
C3H7NO80Ru40,RuO2,110,imines,Propan-2-imine,relaxed,tensor([False]),-1.9818201065063477,-2.007226355718064,-0.025406249211716414,0.025406249211716414
CH4Ru48S,Ru,110,thiols_thials_thioketones_thioethers,Methanethiol,initial,tensor([False]),-1.1855818033218384,-1.2475406974211363,-0.06195889409929789,0.06195889409929789
C2H5Ir48NO,Ir,110,amides,Acetamide,initial,tensor([False]),-0.8597270250320435,-0.695218369654576,0.1645086553774675,0.1645086553774675
C3H4O80Ru40,RuO2,110,alkanes_alkenes_alkynes,Prop-1-yne,relaxed,tensor([False]),-0.3093157112598419,-0.3012367449454665,0.008078966314375435,0.008078966314375435
C3H8Ir40O80S,IrO2,110,thiols_thials_thioketones_thioethers,Propane-2-thiol,relaxed,tensor([False]),-0.33643868565559387,-0.3438289100023937,-0.007390224346799812,0.007390224346799812
CH3Ir48NO,Ir,110,amides,Formamide,relaxed,tensor([False]),-0.5683567523956299,-0.517269037236396,0.05108771515923394,0.05108771515923394
CH4N2Ru48,Ru,110,amidines,Formimidamide,relaxed,tensor([False]),-1.5427113771438599,-1.6318459716806615,-0.08913459453680161,0.08913459453680161
C2H7NRu48,Ru,110,amines,Ethanamine,relaxed,tensor([False]),-1.2719022035598755,-1.3756356626050406,-0.10373345904516507,0.10373345904516507
C2H7Ir40NO80,IrO2,110,amines,Ethanamine,relaxed,tensor([False]),-0.33845579624176025,-0.3953034991610984,-0.05684770291933816,0.05684770291933816
CH4Ir40O80,IrO2,110,alkanes_alkenes_alkynes,Methane,relaxed,tensor([False]),-0.090498186647892,-0.09303934460184848,-0.0025411579539564855,0.0025411579539564855
CH3Ir40NO80,IrO2,110,imines,Methanimine,relaxed,tensor([False]),-2.759549856185913,-2.745493252405197,0.01405660378071616,0.01405660378071616
C2H6O81Ru40,RuO2,110,alcohols_aldehydes_ketones_ethers,Ethanol,relaxed,tensor([False]),-0.40652263164520264,-0.21472527645017436,0.19179735519502827,0.19179735519502827
C2H6Ir40O80S,IrO2,110,thiols_thials_thioketones_thioethers,Ethanethiol,relaxed,tensor([True]),-3.1369130611419678,-3.0558101254771515,0.0811029356648163,0.0811029356648163
C2H4Ir40O80S,IrO2,110,thiols_thials_thioketones_thioethers,Ethanethial,relaxed,tensor([False]),-0.42198026180267334,-0.4113092247595347,0.010671037043138654,0.010671037043138654
C3H6O80Ru40S,RuO2,110,thiols_thials_thioketones_thioethers,Propane-2-thione,relaxed,tensor([False]),-1.701883316040039,-1.7757341173485628,-0.07385080130852373,0.07385080130852373
C3H9N,None,None,amines,Propan-2-amine,relaxed,tensor([False]),0.0,-0.1564181762708614,-0.1564181762708614,0.1564181762708614
CH2O3,None,None,carbonates_carboxylic-acids_esters,Carbonic-acid,initial,tensor([False]),0.0,-0.09526199219656917,-0.09526199219656917,0.09526199219656917
C2H5NO81Ru40,RuO2,110,amides,Acetamide,relaxed,tensor([False]),-1.9488540887832642,-1.9969848974134017,-0.04813080863013752,0.04813080863013752
C2H6O81Ru40,RuO2,110,alcohols_aldehydes_ketones_ethers,Ethanol,relaxed,tensor([False]),-0.6903308033943176,-0.822206345677337,-0.13187554228301934,0.13187554228301934
CH5Ir40NO80,IrO2,110,amines,Methanamine,relaxed,tensor([False]),-1.3857760429382324,-1.1177736796029514,0.26800236333528105,0.26800236333528105
C2H6Ir40O80,IrO2,110,alkanes_alkenes_alkynes,Ethane,relaxed,tensor([True]),-2.079479694366455,-2.646115577626972,-0.566635883260517,0.566635883260517
C3H6O80Ru40,RuO2,110,alkanes_alkenes_alkynes,Propylene,relaxed,tensor([False]),-1.3276252746582031,-1.3152200023083005,0.01240527234990263,0.01240527234990263
CH2Ir40O83,IrO2,110,carbonates_carboxylic-acids_esters,Carbonic-acid,relaxed,tensor([True]),-2.650934934616089,-2.6891582489708696,-0.03822331435478077,0.03822331435478077
CH3NO2,None,None,carbamate-esters,Carbamic-acid,relaxed,tensor([False]),0.0,-0.09982066845074655,-0.09982066845074655,0.09982066845074655
CH4Ir40N2O80,IrO2,110,amidines,Formimidamide,relaxed,tensor([False]),-2.0904624462127686,-2.3885707257827917,-0.29810827957002317,0.29810827957002317
C2H2Ir40O80,IrO2,110,alkanes_alkenes_alkynes,Acetylene,relaxed,tensor([False]),-2.021026849746704,-1.959096567144993,0.061930282601711184,0.061930282601711184
C3H4O80Ru40,RuO2,110,alkanes_alkenes_alkynes,Prop-1-yne,relaxed,tensor([False]),-1.2420014142990112,-1.3129625851614666,-0.07096117086245535,0.07096117086245535
CH2O80Ru40S,RuO2,110,thiols_thials_thioketones_thioethers,Methanethial,relaxed,tensor([False]),-1.6273972988128662,-1.5910456239252344,0.0363516748876318,0.0363516748876318
C2H6Ir48S,Ir,110,thiols_thials_thioketones_thioethers,Dimethylsulfane,relaxed,tensor([False]),-1.5641343593597412,-1.5390830405335727,0.02505131882616851,0.02505131882616851
C2H6Ir40N2O80,IrO2,110,amidines,Acetimidamide,relaxed,tensor([False]),-0.5491380095481873,-0.3194268904936237,0.22971111905456354,0.22971111905456354
C2H6Ir40O80S,IrO2,110,thiols_thials_thioketones_thioethers,Dimethylsulfane,relaxed,tensor([False]),-2.5520663261413574,-2.396536869922997,0.15552945621836045,0.15552945621836045
C2H6Ir40N2O80,IrO2,110,amidines,Acetimidamide,relaxed,tensor([False]),-0.060982368886470795,-0.19463363103084674,-0.13365126214437595,0.13365126214437595
CH2Ir48O2,Ir,110,carbonates_carboxylic-acids_esters,Formic-acid,relaxed,tensor([False]),-0.24098321795463562,-0.3089405622276473,-0.0679573442730117,0.0679573442730117
CH3NO80Ru40,RuO2,110,imines,Methanimine,relaxed,tensor([False]),-0.18569591641426086,-0.2860431496875506,-0.10034723327328976,0.10034723327328976
C3H6Ir40O80,IrO2,110,alkanes_alkenes_alkynes,Propylene,relaxed,tensor([False]),-2.0015599727630615,-2.1415626200893243,-0.14000264732626277,0.14000264732626277
C3H6Ir40O80S,IrO2,110,thiols_thials_thioketones_thioethers,Propane-2-thione,relaxed,tensor([True]),-3.238874673843384,-3.4074114349267006,-0.16853676108331683,0.16853676108331683
C3H4Ir48,Ir,110,alkanes_alkenes_alkynes,Prop-1-yne,initial,tensor([False]),-2.8505544662475586,-2.5781996097390447,0.2723548565085139,0.2723548565085139
C2H6Ir48O,Ir,110,alcohols_aldehydes_ketones_ethers,Methoxymethane,relaxed,tensor([False]),-0.2664470374584198,-0.3536230575198225,-0.08717602006140268,0.08717602006140268
CH2Ir40O80S,IrO2,110,thiols_thials_thioketones_thioethers,Methanethial,relaxed,tensor([False]),-2.636058807373047,-2.6480316939506423,-0.011972886577595432,0.011972886577595432
C2H4,None,None,alkanes_alkenes_alkynes,Ethene,relaxed,tensor([False]),0.0,0.10369857945408967,0.10369857945408967,0.10369857945408967
C2H5NORu48,Ru,110,amides,Acetamide,initial,tensor([False]),-0.9163562655448914,-0.6281199171159848,0.28823634842890655,0.28823634842890655
CH4Ir40O80,IrO2,110,alkanes_alkenes_alkynes,Methane,relaxed,tensor([False]),-0.114272341132164,-0.1721407450870629,-0.057868403954898895,0.057868403954898895
C2H6Ir40O81,IrO2,110,alcohols_aldehydes_ketones_ethers,Ethanol,relaxed,tensor([False]),-1.5120214223861694,-1.3320719398792882,0.17994948250688125,0.17994948250688125
C2H4O82Ru40,RuO2,110,carbonates_carboxylic-acids_esters,Acetic-acid,relaxed,tensor([False]),-1.3215454816818237,-1.2003143624287493,0.1212311192530744,0.1212311192530744
C2H6Ir48N2,Ir,110,amidines,Acetimidamide,relaxed,tensor([False]),-1.7270259857177734,-1.6903923792847095,0.0366336064330639,0.0366336064330639
CH2Ir40O80S,IrO2,110,thiols_thials_thioketones_thioethers,Methanethial,relaxed,tensor([False]),-0.4217197895050049,-0.4557899893368429,-0.03407019983183801,0.03407019983183801
C2H6Ir48O,Ir,110,alcohols_aldehydes_ketones_ethers,Methoxymethane,initial,tensor([False]),-0.2664470374584198,-0.34792731594262705,-0.08148027848420725,0.08148027848420725
C3H9NO80Ru40,RuO2,110,amines,Propan-2-amine,relaxed,tensor([False]),-2.1888020038604736,-2.0312979960595996,0.15750400780087404,0.15750400780087404
C2H5Ir40NO80,IrO2,110,imines,N-methylmethanimine,relaxed,tensor([False]),-2.6806328296661377,-2.627200112814478,0.053432716851659734,0.053432716851659734
CH5Ir40NO80,IrO2,110,amines,Methanamine,relaxed,tensor([False]),-0.4044719338417053,-0.3497828361231399,0.05468909771856545,0.05468909771856545
C2H2O80Ru40,RuO2,110,alkanes_alkenes_alkynes,Acetylene,relaxed,tensor([False]),-1.2053968906402588,-1.2102171717312102,-0.00482028109095145,0.00482028109095145
C3H8O80Ru40S,RuO2,110,thiols_thials_thioketones_thioethers,Propane-2-thiol,relaxed,tensor([False]),-0.34098929166793823,-0.34703506140500195,-0.006045769737063722,0.006045769737063722
CH2ORu48,Ru,110,alcohols_aldehydes_ketones_ethers,Formaldehyde,initial,tensor([False]),-1.2672572135925293,-0.9979281484873095,0.2693290651052198,0.2693290651052198
CH4Ir40O81,IrO2,110,alcohols_aldehydes_ketones_ethers,Methanol,relaxed,tensor([False]),-1.2792682647705078,-1.2498702389202476,0.02939802585026019,0.02939802585026019
C2H4O82Ru40,RuO2,110,carbonates_carboxylic-acids_esters,Acetic-acid,relaxed,tensor([False]),-0.12246894836425781,-0.2833060266352021,-0.1608370782709443,0.1608370782709443
CH2Ir40O82,IrO2,110,carbonates_carboxylic-acids_esters,Formic-acid,relaxed,tensor([True]),-2.3876349925994873,-2.2662789508547334,0.1213560417447539,0.1213560417447539
C3H8Ir48S,Ir,110,thiols_thials_thioketones_thioethers,Propane-2-thiol,relaxed,tensor([False]),-1.3738536834716797,-1.5191753434648358,-0.14532165999315616,0.14532165999315616
C2H5NO80Ru40,RuO2,110,imines,N-methylmethanimine,relaxed,tensor([False]),-1.823447823524475,-1.8203250674908702,0.003122756033604901,0.003122756033604901
C2H6Ir40N2O80,IrO2,110,amidines,Acetimidamide,relaxed,tensor([False]),-2.4582784175872803,-2.5126338727316266,-0.054355455144346365,0.054355455144346365
CH3NO80Ru40,RuO2,110,imines,Methanimine,relaxed,tensor([False]),-1.9954522848129272,-1.9106023732500823,0.08484991156284494,0.08484991156284494
C3H9Ir40NO80,IrO2,110,amines,Propan-2-amine,relaxed,tensor([False]),-3.059764862060547,-2.9378579575435353,0.12190690451701158,0.12190690451701158
C3H7Ir40NO80,IrO2,110,imines,Propan-2-imine,relaxed,tensor([False]),-2.7806882858276367,-2.791363585960653,-0.010675300133016208,0.010675300133016208
C2H6Ir40O81,IrO2,110,alcohols_aldehydes_ketones_ethers,Ethanol,relaxed,tensor([False]),-2.1278254985809326,-1.9231937073797276,0.204631791201205,0.204631791201205
CH3Ir40NO81,IrO2,110,oximes,Formaldoxime,relaxed,tensor([False]),-0.4372934103012085,-0.2882425411452978,0.1490508691559107,0.1490508691559107
C2H6Ir40O80S,IrO2,110,thiols_thials_thioketones_thioethers,Dimethylsulfane,relaxed,tensor([False]),-0.3041229546070099,-0.4376623335613168,-0.1335393789543069,0.1335393789543069
CH3NRu48,Ru,110,imines,Methanimine,initial,tensor([False]),-1.7770376205444336,-1.6572398092142269,0.11979781133020673,0.11979781133020673
CH5NO80Ru40,RuO2,110,amines,Methanamine,relaxed,tensor([False]),-2.015036106109619,-1.8435787782516222,0.17145732785799694,0.17145732785799694
CH3NO82Ru40,RuO2,110,carbamate-esters,Carbamic-acid,relaxed,tensor([True]),-1.862529993057251,-1.8945401346470412,-0.03201014158979021,0.03201014158979021
C2H4Ir40O81,IrO2,110,alcohols_aldehydes_ketones_ethers,Acetaldehyde,relaxed,tensor([False]),-1.2258380651474,-1.3538984087911525,-0.12806034364375263,0.12806034364375263
C2H6O81Ru40,RuO2,110,alcohols_aldehydes_ketones_ethers,Ethanol,relaxed,tensor([False]),-0.6890608072280884,-0.7153138023328509,-0.026252995104762533,0.026252995104762533
CH2O80Ru40S,RuO2,110,thiols_thials_thioketones_thioethers,Methanethial,relaxed,tensor([False]),-0.17663083970546722,-0.29774542477930765,-0.12111458507384043,0.12111458507384043
C3H4O80Ru40,RuO2,110,alkanes_alkenes_alkynes,Prop-1-yne,relaxed,tensor([False]),-0.29978683590888977,-0.15997251879294083,0.13981431711594894,0.13981431711594894
C2H5Ir40NO80,IrO2,110,imines,Ethanimine,relaxed,tensor([False]),-2.737873077392578,-2.7810821247333593,-0.043209047340781126,0.043209047340781126
C2H6Ir40O80,IrO2,110,alkanes_alkenes_alkynes,Ethane,relaxed,tensor([False]),-0.19689173996448517,-0.1569095731192789,0.03998216684520628,0.03998216684520628
CH4Ir40O81,IrO2,110,alcohols_aldehydes_ketones_ethers,Methanol,relaxed,tensor([True]),-2.392246961593628,-2.1336062991520137,0.2586406624416142,0.2586406624416142
C2H5NO81Ru40,RuO2,110,amides,Acetamide,relaxed,tensor([False]),-1.5412219762802124,-1.4465871851121728,0.09463479116803963,0.09463479116803963
CH3Ir48N,Ir,110,imines,Methanimine,initial,tensor([False]),-1.1107699871063232,-1.281781183513708,-0.17101119640738482,0.17101119640738482
C3H6O80Ru40,RuO2,110,alkanes_alkenes_alkynes,Propylene,relaxed,tensor([False]),-0.18749672174453735,-0.18061343511147498,0.006883286633062369,0.006883286633062369
C3H4O80Ru40,RuO2,110,alkanes_alkenes_alkynes,Prop-1-yne,relaxed,tensor([False]),-1.202300786972046,-1.2891276706951103,-0.08682688372306435,0.08682688372306435
C2H6O80Ru40,RuO2,110,alkanes_alkenes_alkynes,Ethane,relaxed,tensor([False]),-0.23423661291599274,-0.17385933218626093,0.06037728072973181,0.06037728072973181
C2H6Ir40O80S,IrO2,110,thiols_thials_thioketones_thioethers,Dimethylsulfane,relaxed,tensor([False]),-2.492567300796509,-2.3045566586836657,0.18801064211284313,0.18801064211284313
CH4Ir48N2,Ir,110,amidines,Formimidamide,relaxed,tensor([False]),-0.8133914470672607,-1.095939332896597,-0.2825478858293362,0.2825478858293362
C3H6ORu48,Ru,110,alcohols_aldehydes_ketones_ethers,Propan-2-one,relaxed,tensor([False]),-0.20011740922927856,-0.23274967024346438,-0.032632261014185815,0.032632261014185815
CH4Ir40O81,IrO2,110,alcohols_aldehydes_ketones_ethers,Methanol,relaxed,tensor([True]),-2.341076135635376,-2.4057318612397722,-0.06465572560439625,0.06465572560439625
CH3NORu48,Ru,110,oximes,Formaldoxime,relaxed,tensor([False]),-1.324989914894104,-1.3156368116067267,0.009353103287377262,0.009353103287377262
CH3Ir40NO81,IrO2,110,oximes,Formaldoxime,relaxed,tensor([True]),-3.0559773445129395,-3.154667052150117,-0.09868970763717755,0.09868970763717755
C2H6Ir40O80S,IrO2,110,thiols_thials_thioketones_thioethers,Ethanethiol,relaxed,tensor([True]),-3.389265775680542,-3.3081682078411063,0.08109756783943567,0.08109756783943567
C3H6Ir40O80,IrO2,110,alkanes_alkenes_alkynes,Propylene,relaxed,tensor([False]),-0.15899904072284698,-0.14827876503381532,0.010720275689031666,0.010720275689031666
C2H4O,None,None,alcohols_aldehydes_ketones_ethers,Acetaldehyde,initial,tensor([False]),0.0,0.01407783053895173,0.01407783053895173,0.01407783053895173
CH4O80Ru40,RuO2,110,alkanes_alkenes_alkynes,Methane,relaxed,tensor([False]),-0.42654359340667725,-0.4271703244069194,-0.0006267310002421311,0.0006267310002421311
C2H5NO81Ru40,RuO2,110,amides,Acetamide,relaxed,tensor([False]),-1.715564489364624,-1.4349784819455795,0.2805860074190445,0.2805860074190445
C2H5NO80Ru40,RuO2,110,imines,Ethanimine,relaxed,tensor([False]),-0.3174956738948822,-0.2848412867309804,0.03265438716390179,0.03265438716390179
CH3NO81Ru40,RuO2,110,oximes,Formaldoxime,relaxed,tensor([False]),-1.980758547782898,-1.8541456449461506,0.1266129028367473,0.1266129028367473
C2H4Ir40O82,IrO2,110,carbonates_carboxylic-acids_esters,Acetic-acid,relaxed,tensor([True]),-2.4050779342651367,-2.2972221583247716,0.1078557759403651,0.1078557759403651
C3H9Ir40NO80,IrO2,110,amines,Trimethylamine,relaxed,tensor([False]),-0.8166083693504333,-0.6275074463330945,0.18910092301733883,0.18910092301733883
C3H6Ir48O,Ir,110,alcohols_aldehydes_ketones_ethers,Propan-2-one,relaxed,tensor([False]),-0.2542151212692261,-0.36863066285787127,-0.1144155415886452,0.1144155415886452
C2H6Ir40O81,IrO2,110,alcohols_aldehydes_ketones_ethers,Methoxymethane,relaxed,tensor([False]),-1.262027621269226,-1.1271489651571924,0.13487865611203365,0.13487865611203365
C2H6,None,None,alkanes_alkenes_alkynes,Ethane,relaxed,tensor([False]),0.0,0.05692616815811391,0.05692616815811391,0.05692616815811391
C2H4Ir48O,Ir,110,alcohols_aldehydes_ketones_ethers,Acetaldehyde,relaxed,tensor([False]),-0.8155373930931091,-1.0546714805708772,-0.2391340874777681,0.2391340874777681
C2H6ORu48,Ru,110,alcohols_aldehydes_ketones_ethers,Methoxymethane,initial,tensor([False]),-0.22260180115699768,-0.27739624575156085,-0.054794444594563174,0.054794444594563174
C3H8Ir40O80,IrO2,110,alkanes_alkenes_alkynes,Propane,relaxed,tensor([False]),-1.1366097927093506,-1.0081170585740775,0.12849273413527307,0.12849273413527307
C3H7Ir40NO80,IrO2,110,imines,Propan-2-imine,relaxed,tensor([False]),-2.854844093322754,-2.956213973198402,-0.10136987987564794,0.10136987987564794
CH3Ir40NO81,IrO2,110,amides,Formamide,relaxed,tensor([False]),-1.8287153244018555,-2.2101530159494835,-0.3814376915476281,0.3814376915476281
CH3NO81Ru40,RuO2,110,amides,Formamide,relaxed,tensor([False]),-0.37608617544174194,-0.2986635983703536,0.07742257707138833,0.07742257707138833
C3H8O,None,None,alcohols_aldehydes_ketones_ethers,Propan-2-ol,initial,tensor([False]),0.0,-0.09362435775737055,-0.09362435775737055,0.09362435775737055
C3H9Ir40NO80,IrO2,110,amines,Trimethylamine,relaxed,tensor([False]),-0.5246988534927368,-0.2953106906835359,0.22938816280920094,0.22938816280920094
CH3NO81Ru40,RuO2,110,oximes,Formaldoxime,relaxed,tensor([True]),-2.256564140319824,-2.3273760773598156,-0.07081193703999134,0.07081193703999134
C3H8Ir40O80,IrO2,110,alkanes_alkenes_alkynes,Propane,relaxed,tensor([True]),-2.414055347442627,-2.9860317730018693,-0.5719764255592423,0.5719764255592423
C3H8O80Ru40,RuO2,110,alkanes_alkenes_alkynes,Propane,relaxed,tensor([False]),-0.3232164680957794,-0.22009395271171428,0.10312251538406514,0.10312251538406514
C2H5Ir40NO81,IrO2,110,amides,Acetamide,relaxed,tensor([False]),-2.133575439453125,-2.304214621859984,-0.17063918240685894,0.17063918240685894
CH2O2,None,None,carbonates_carboxylic-acids_esters,Formic-acid,initial,tensor([False]),0.0,-0.02218967125183724,-0.02218967125183724,0.02218967125183724
CH4S,None,None,thiols_thials_thioketones_thioethers,Methanethiol,relaxed,tensor([False]),0.0,-0.03254628589886721,-0.03254628589886721,0.03254628589886721
C3H8O80Ru40S,RuO2,110,thiols_thials_thioketones_thioethers,Propane-2-thiol,relaxed,tensor([False]),-0.5276264548301697,-0.44276862378891124,0.08485783104125844,0.08485783104125844
C3H8O81Ru40,RuO2,110,alcohols_aldehydes_ketones_ethers,Propan-2-ol,relaxed,tensor([False]),-0.20970675349235535,-0.3573959367183477,-0.14768918322599234,0.14768918322599234
C3H4Ir40O80,IrO2,110,alkanes_alkenes_alkynes,Prop-1-yne,relaxed,tensor([True]),-2.5933847427368164,-2.6151807731377232,-0.02179603040090683,0.02179603040090683
C2H6Ir40O81,IrO2,110,alcohols_aldehydes_ketones_ethers,Methoxymethane,relaxed,tensor([False]),-1.0090974569320679,-1.0242514326248813,-0.015153975692813404,0.015153975692813404
C2H6O80Ru40S,RuO2,110,thiols_thials_thioketones_thioethers,Ethanethiol,relaxed,tensor([False]),-0.2445947229862213,-0.4400974818885359,-0.1955027589023146,0.1955027589023146
CH4O80Ru40,RuO2,110,alkanes_alkenes_alkynes,Methane,relaxed,tensor([False]),-0.14012962579727173,-0.1579176941103242,-0.017788068313052463,0.017788068313052463
C3H9Ir40NO80,IrO2,110,amines,Trimethylamine,relaxed,tensor([False]),-1.0374960899353027,-1.223651681368958,-0.18615559143365523,0.18615559143365523
CH2Ir40O83,IrO2,110,carbonates_carboxylic-acids_esters,Carbonic-acid,relaxed,tensor([False]),-1.067409873008728,-1.4178669950863618,-0.3504571220776338,0.3504571220776338
C2H4Ir40O82,IrO2,110,carbonates_carboxylic-acids_esters,Acetic-acid,relaxed,tensor([False]),-0.35462096333503723,-0.2710349525902913,0.08358601074474592,0.08358601074474592
CH2Ir40O80S,IrO2,110,thiols_thials_thioketones_thioethers,Methanethial,relaxed,tensor([False]),-1.9546602964401245,-2.340231454449196,-0.38557115800907127,0.38557115800907127
CH2O83Ru40,RuO2,110,carbonates_carboxylic-acids_esters,Carbonic-acid,relaxed,tensor([True]),-1.8369945287704468,-1.920070934849882,-0.08307640607943512,0.08307640607943512
CH2Ir48O3,Ir,110,carbonates_carboxylic-acids_esters,Carbonic-acid,relaxed,tensor([False]),-0.5831424593925476,-0.3718357490939006,0.211306710298647,0.211306710298647
CH2Ir40O83,IrO2,110,carbonates_carboxylic-acids_esters,Carbonic-acid,relaxed,tensor([True]),-1.9233978986740112,-2.169556854709647,-0.24615895603563587,0.24615895603563587
C3H8Ir48,Ir,110,alkanes_alkenes_alkynes,Propane,initial,tensor([False]),-0.37916886806488037,-0.2810561581167974,0.09811270994808297,0.09811270994808297
C2H6Ir48O,Ir,110,alcohols_aldehydes_ketones_ethers,Ethanol,initial,tensor([False]),-0.6590899229049683,-0.3563247933713818,0.3027651295335865,0.3027651295335865
CH4N2Ru48,Ru,110,amidines,Formimidamide,initial,tensor([False]),-1.5427113771438599,-1.6318459716806615,-0.08913459453680161,0.08913459453680161
C2H4,None,None,alkanes_alkenes_alkynes,Ethene,initial,tensor([False]),0.0,0.10369857945408967,0.10369857945408967,0.10369857945408967
CH2O81Ru40,RuO2,110,alcohols_aldehydes_ketones_ethers,Formaldehyde,relaxed,tensor([False]),-0.1896803230047226,-0.32849139890447887,-0.13881107589975628,0.13881107589975628
CH2Ir48O,Ir,110,alcohols_aldehydes_ketones_ethers,Formaldehyde,relaxed,tensor([False]),-0.9446554183959961,-1.0781223359126146,-0.13346691751661854,0.13346691751661854
CH4N2O80Ru40,RuO2,110,amidines,Formimidamide,relaxed,tensor([False]),-2.20259428024292,-2.1379750206996135,0.06461925954330638,0.06461925954330638
C2H6Ir48N2,Ir,110,amidines,Acetimidamide,initial,tensor([False]),-1.7270259857177734,-1.6903923792847095,0.0366336064330639,0.0366336064330639
C3H6Ir40O80S,IrO2,110,thiols_thials_thioketones_thioethers,Propane-2-thione,relaxed,tensor([False]),-0.36213627457618713,-0.762873312554742,-0.40073703797855487,0.40073703797855487
C2H6Ru48S,Ru,110,thiols_thials_thioketones_thioethers,Dimethylsulfane,initial,tensor([False]),-1.3950748443603516,-1.349088449385217,0.04598639497513446,0.04598639497513446
C3H6Ir40O80S,IrO2,110,thiols_thials_thioketones_thioethers,Propane-2-thione,relaxed,tensor([False]),-0.782765805721283,-0.5817410848709272,0.20102472085035572,0.20102472085035572
C2H6N2,None,None,amidines,Acetimidamide,relaxed,tensor([False]),0.0,-0.11942281065113036,-0.11942281065113036,0.11942281065113036
C2H6N2O80Ru40,RuO2,110,amidines,Acetimidamide,relaxed,tensor([False]),-2.215564250946045,-2.181650223463638,0.033914027482406794,0.033914027482406794
CH5Ir48N,Ir,110,amines,Methanamine,relaxed,tensor([False]),-1.4132087230682373,-1.3307988587017316,0.08240986436650566,0.08240986436650566
CH4,None,None,alkanes_alkenes_alkynes,Methane,initial,tensor([False]),0.0,0.07190619751695237,0.07190619751695237,0.07190619751695237
C2H6Ir48S,Ir,110,thiols_thials_thioketones_thioethers,Dimethylsulfane,initial,tensor([False]),-1.5641343593597412,-1.5390830405335727,0.02505131882616851,0.02505131882616851
C3H8ORu48,Ru,110,alcohols_aldehydes_ketones_ethers,Propan-2-ol,initial,tensor([False]),-0.7135970592498779,-0.7619357588495514,-0.04833869959967352,0.04833869959967352
CH2O83Ru40,RuO2,110,carbonates_carboxylic-acids_esters,Carbonic-acid,relaxed,tensor([True]),-2.0807957649230957,-1.953040858440037,0.12775490648305876,0.12775490648305876
C2H7NO80Ru40,RuO2,110,amines,Ethanamine,relaxed,tensor([False]),-2.102449893951416,-1.9967402641557719,0.10570962979564413,0.10570962979564413
C2H5Ir40NO81,IrO2,110,amides,Acetamide,relaxed,tensor([False]),-2.115259885787964,-1.9245494869069546,0.19071039888100927,0.19071039888100927
C2H6ORu48,Ru,110,alcohols_aldehydes_ketones_ethers,Methoxymethane,relaxed,tensor([False]),-0.22260180115699768,-0.3078804847779182,-0.0852786836209205,0.0852786836209205
C3H6Ir40O80,IrO2,110,alkanes_alkenes_alkynes,Propylene,relaxed,tensor([False]),-2.2121331691741943,-1.9772268266610453,0.234906342513149,0.234906342513149
C3H4Ir40O80,IrO2,110,alkanes_alkenes_alkynes,Prop-1-yne,relaxed,tensor([False]),-1.8748815059661865,-2.0582246970641407,-0.18334319109795416,0.18334319109795416
C2H6O80Ru40,RuO2,110,alkanes_alkenes_alkynes,Ethane,relaxed,tensor([False]),-0.23073086142539978,-0.25047759267228287,-0.019746731246883087,0.019746731246883087
C2H5N,None,None,imines,N-methylmethanimine,initial,tensor([False]),0.0,-0.03557384437173994,-0.03557384437173994,0.03557384437173994
C2H6Ir48,Ir,110,alkanes_alkenes_alkynes,Ethane,relaxed,tensor([False]),-0.2283741533756256,-0.2296934706248024,-0.0013193172491767768,0.0013193172491767768
C2H6O81Ru40,RuO2,110,alcohols_aldehydes_ketones_ethers,Ethanol,relaxed,tensor([False]),-0.34245041012763977,-0.3038813760332104,0.038569034094429355,0.038569034094429355
C3H8,None,None,alkanes_alkenes_alkynes,Propane,initial,tensor([False]),0.0,0.026135042805179864,0.026135042805179864,0.026135042805179864
C3H8O80Ru40S,RuO2,110,thiols_thials_thioketones_thioethers,Propane-2-thiol,relaxed,tensor([False]),-1.680314302444458,-1.1939186769618633,0.48639562548259474,0.48639562548259474
C3H9NRu48,Ru,110,amines,Propan-2-amine,initial,tensor([False]),-1.3362622261047363,-1.3481811419726744,-0.01191891586793803,0.01191891586793803
C2H4Ir40O80S,IrO2,110,thiols_thials_thioketones_thioethers,Ethanethial,relaxed,tensor([False]),-2.083250045776367,-2.380151767494695,-0.29690172171832785,0.29690172171832785
C2H6O80Ru40,RuO2,110,alkanes_alkenes_alkynes,Ethane,relaxed,tensor([False]),-0.6593978404998779,-0.6203969860113041,0.03900085448857382,0.03900085448857382
C2H7Ir48N,Ir,110,amines,Ethanamine,initial,tensor([False]),-1.4377164840698242,-1.4475646973580538,-0.009848213288229601,0.009848213288229601
CH4N2O80Ru40,RuO2,110,amidines,Formimidamide,relaxed,tensor([False]),-0.33411678671836853,-0.28121001551153313,0.0529067712068354,0.0529067712068354
C3H7Ir48N,Ir,110,imines,Propan-2-imine,relaxed,tensor([False]),-1.531341314315796,-1.5406719140138243,-0.009330599698028408,0.009330599698028408
CH3NO,None,None,amides,Formamide,initial,tensor([False]),0.0,-0.023032218015778483,-0.023032218015778483,0.023032218015778483
C2H5Ir40NO80,IrO2,110,imines,N-methylmethanimine,relaxed,tensor([True]),-3.3017733097076416,-3.2161953344159855,0.08557797529165612,0.08557797529165612
C2H6Ir40O81,IrO2,110,alcohols_aldehydes_ketones_ethers,Ethanol,relaxed,tensor([True]),-3.0013198852539062,-3.101744605731028,-0.10042472047712181,0.10042472047712181
C3H8O80Ru40S,RuO2,110,thiols_thials_thioketones_thioethers,Propane-2-thiol,relaxed,tensor([False]),-1.6405175924301147,-1.722248375336978,-0.0817307829068632,0.0817307829068632
C3H8O81Ru40,RuO2,110,alcohols_aldehydes_ketones_ethers,Propan-2-ol,relaxed,tensor([False]),-0.6232528686523438,-0.7476830311484051,-0.12443016249606131,0.12443016249606131
CH3NORu48,Ru,110,amides,Formamide,initial,tensor([False]),-0.5976004600524902,-0.47839838667852064,0.1192020733739696,0.1192020733739696
CH3NO82Ru40,RuO2,110,carbamate-esters,Carbamic-acid,relaxed,tensor([False]),-0.6196406483650208,-0.6965778772648292,-0.07693722889980847,0.07693722889980847
CH2O2Ru48,Ru,110,carbonates_carboxylic-acids_esters,Formic-acid,initial,tensor([False]),-0.3037988543510437,-0.28764598868517055,0.01615286566587315,0.01615286566587315
C3H6O81Ru40,RuO2,110,alcohols_aldehydes_ketones_ethers,Propan-2-one,relaxed,tensor([False]),-1.058440089225769,-1.1892332791712477,-0.13079318994547862,0.13079318994547862
C3H7N,None,None,imines,Propan-2-imine,relaxed,tensor([False]),0.0,-0.04926786261427196,-0.04926786261427196,0.04926786261427196
C3H6Ir40O80,IrO2,110,alkanes_alkenes_alkynes,Propylene,relaxed,tensor([True]),-1.5501872301101685,-1.5802076427484053,-0.03002041263823685,0.03002041263823685
C3H8O81Ru40,RuO2,110,alcohols_aldehydes_ketones_ethers,Propan-2-ol,relaxed,tensor([False]),-0.9194198250770569,-0.8007714068501244,0.1186484182269325,0.1186484182269325
C2H4O81Ru40,RuO2,110,alcohols_aldehydes_ketones_ethers,Acetaldehyde,relaxed,tensor([False]),-1.3709321022033691,-1.3268092255013824,0.04412287670198678,0.04412287670198678
C2H6Ir40O81,IrO2,110,alcohols_aldehydes_ketones_ethers,Methoxymethane,relaxed,tensor([False]),-0.23268577456474304,-0.2232905176151121,0.009395256949630948,0.009395256949630948
CH3NO82Ru40,RuO2,110,carbamate-esters,Carbamic-acid,relaxed,tensor([False]),-0.5261513590812683,-0.37938849024963517,0.14676286883163314,0.14676286883163314
C3H8Ir40O80,IrO2,110,alkanes_alkenes_alkynes,Propane,relaxed,tensor([False]),-1.1133947372436523,-1.072098079209698,0.041296658033954436,0.041296658033954436
C2H4Ir40O80,IrO2,110,alkanes_alkenes_alkynes,Ethene,relaxed,tensor([False]),-2.370339870452881,-2.1635229227436383,0.20681694770924253,0.20681694770924253
C3H7NO80Ru40,RuO2,110,imines,Propan-2-imine,relaxed,tensor([False]),-2.018087387084961,-1.8760415641983599,0.14204582288660106,0.14204582288660106
C2H6S,None,None,thiols_thials_thioketones_thioethers,Dimethylsulfane,initial,tensor([False]),0.0,-0.0665050983057256,-0.0665050983057256,0.0665050983057256
CH2O80Ru40S,RuO2,110,thiols_thials_thioketones_thioethers,Methanethial,relaxed,tensor([False]),-1.7424981594085693,-1.6000190310056297,0.14247912840293964,0.14247912840293964
C2H6O80Ru40,RuO2,110,alkanes_alkenes_alkynes,Ethane,relaxed,tensor([False]),-0.48126813769340515,-0.47705769701116196,0.004210440682243188,0.004210440682243188
C2H5N,None,None,imines,Ethanimine,relaxed,tensor([False]),0.0,0.0192248338002301,0.0192248338002301,0.0192248338002301
C2H4O80Ru40,RuO2,110,alkanes_alkenes_alkynes,Ethene,relaxed,tensor([False]),-0.13535583019256592,-0.20312928131262709,-0.06777345112006117,0.06777345112006117
C3H6O81Ru40,RuO2,110,alcohols_aldehydes_ketones_ethers,Propan-2-one,relaxed,tensor([False]),-1.4562015533447266,-1.1421114340614587,0.3140901192832679,0.3140901192832679
C2H6Ir40O80S,IrO2,110,thiols_thials_thioketones_thioethers,Ethanethiol,relaxed,tensor([True]),-3.521611452102661,-3.284140890264439,0.23747056183822224,0.23747056183822224
CH2Ir40O82,IrO2,110,carbonates_carboxylic-acids_esters,Formic-acid,relaxed,tensor([False]),-1.5694236755371094,-1.5093753671191834,0.060048308417925966,0.060048308417925966
C2H5Ir40NO80,IrO2,110,imines,N-methylmethanimine,relaxed,tensor([True]),-2.686765432357788,-2.2466390544167183,0.4401263779410698,0.4401263779410698
CH2O82Ru40,RuO2,110,carbonates_carboxylic-acids_esters,Formic-acid,relaxed,tensor([True]),-2.480530261993408,-2.5000234839554025,-0.019493221961994323,0.019493221961994323
C3H4O80Ru40,RuO2,110,alkanes_alkenes_alkynes,Prop-1-yne,relaxed,tensor([False]),-0.18160241842269897,-0.15442702487929694,0.027175393543402038,0.027175393543402038
CH3NO81Ru40,RuO2,110,oximes,Formaldoxime,relaxed,tensor([False]),-0.46820539236068726,-0.3161799077054894,0.15202548465519783,0.15202548465519783
C3H8S,None,None,thiols_thials_thioketones_thioethers,Propane-2-thiol,initial,tensor([False]),0.0,-0.08007543887325852,-0.08007543887325852,0.08007543887325852
C3H4O80Ru40,RuO2,110,alkanes_alkenes_alkynes,Prop-1-yne,relaxed,tensor([False]),-0.3526405096054077,-0.3230841399424129,0.029556369662994797,0.029556369662994797
CH4O80Ru40,RuO2,110,alkanes_alkenes_alkynes,Methane,relaxed,tensor([False]),-0.46182873845100403,-0.4830436373051974,-0.021214898854193365,0.021214898854193365
C3H9NO80Ru40,RuO2,110,amines,Propan-2-amine,relaxed,tensor([False]),-0.4516761302947998,-0.40874270588757966,0.042933424407220144,0.042933424407220144
C3H6O,None,None,alcohols_aldehydes_ketones_ethers,Propan-2-one,relaxed,tensor([False]),0.0,-0.021292445936843762,-0.021292445936843762,0.021292445936843762
C2H4O80Ru40S,RuO2,110,thiols_thials_thioketones_thioethers,Ethanethial,relaxed,tensor([False]),-0.18970708549022675,-0.3909196877536303,-0.20121260226340354,0.20121260226340354
CH4Ir40O80S,IrO2,110,thiols_thials_thioketones_thioethers,Methanethiol,relaxed,tensor([True]),-3.0700387954711914,-3.161630756187698,-0.09159196071650655,0.09159196071650655
C2H6Ir48S,Ir,110,thiols_thials_thioketones_thioethers,Ethanethiol,initial,tensor([False]),-1.3869818449020386,-1.2266510795004,0.1603307654016386,0.1603307654016386
C3H9Ir40NO80,IrO2,110,amines,Propan-2-amine,relaxed,tensor([False]),-2.8161914348602295,-2.7383329659578806,0.07785846890234893,0.07785846890234893
C2H4Ir40O81,IrO2,110,alcohols_aldehydes_ketones_ethers,Acetaldehyde,relaxed,tensor([False]),-1.2458548545837402,-1.1045376829893634,0.14131717159437684,0.14131717159437684
C2H6O80Ru40S,RuO2,110,thiols_thials_thioketones_thioethers,Dimethylsulfane,relaxed,tensor([False]),-0.36347976326942444,-0.36925242426036675,-0.005772660990942313,0.005772660990942313
C3H9NRu48,Ru,110,amines,Trimethylamine,relaxed,tensor([False]),-1.2025337219238281,-1.0803449243314143,0.12218879759241386,0.12218879759241386
CH2O81Ru40,RuO2,110,alcohols_aldehydes_ketones_ethers,Formaldehyde,relaxed,tensor([False]),-0.20609812438488007,-0.17429735235388932,0.03180077203099074,0.03180077203099074
CH2S,None,None,thiols_thials_thioketones_thioethers,Methanethial,initial,tensor([False]),0.0,0.025786614982024503,0.025786614982024503,0.025786614982024503
C3H9NRu48,Ru,110,amines,Trimethylamine,initial,tensor([False]),-1.2025337219238281,-1.0803449243314143,0.12218879759241386,0.12218879759241386
CH3NORu48,Ru,110,amides,Formamide,relaxed,tensor([False]),-0.5976004600524902,-0.6013580210515741,-0.0037575609990838643,0.0037575609990838643
CH3Ir48NO2,Ir,110,carbamate-esters,Carbamic-acid,relaxed,tensor([False]),-0.3807108998298645,-0.5095833869619781,-0.12887248713211363,0.12887248713211363
C2H7N,None,None,amines,Ethanamine,initial,tensor([False]),0.0,-0.07960794909694613,-0.07960794909694613,0.07960794909694613
C2H7Ir40NO80,IrO2,110,amines,Ethanamine,relaxed,tensor([False]),-2.7892000675201416,-2.791092796945918,-0.0018927294257764515,0.0018927294257764515
C3H8Ir48O,Ir,110,alcohols_aldehydes_ketones_ethers,Propan-2-ol,initial,tensor([False]),-0.6821610927581787,-0.690055980653824,-0.007894887895645297,0.007894887895645297
C2H4ORu48,Ru,110,alcohols_aldehydes_ketones_ethers,Acetaldehyde,initial,tensor([False]),-1.0088577270507812,-1.002331103305238,0.006526623745543247,0.006526623745543247
C2H5NO81Ru40,RuO2,110,amides,Acetamide,relaxed,tensor([False]),-1.9644678831100464,-2.151421210184779,-0.18695332707473256,0.18695332707473256
C3H6O80Ru40S,RuO2,110,thiols_thials_thioketones_thioethers,Propane-2-thione,relaxed,tensor([False]),-1.217069387435913,-1.0357539446011463,0.18131544283476675,0.18131544283476675
C2H4Ir40O80,IrO2,110,alkanes_alkenes_alkynes,Ethene,relaxed,tensor([False]),-2.0499541759490967,-1.9235752145427512,0.12637896140634552,0.12637896140634552
C3H6O80Ru40,RuO2,110,alkanes_alkenes_alkynes,Propylene,relaxed,tensor([False]),-1.3393352031707764,-1.324415463333949,0.014919739836827262,0.014919739836827262
CH3Ir40NO80,IrO2,110,imines,Methanimine,relaxed,tensor([False]),-2.1561923027038574,-2.2932237596911165,-0.13703145698725905,0.13703145698725905
C3H7Ir40NO80,IrO2,110,imines,Propan-2-imine,relaxed,tensor([False]),-2.808601140975952,-2.7135851223664815,0.09501601860947062,0.09501601860947062
CH5NO80Ru40,RuO2,110,amines,Methanamine,relaxed,tensor([False]),-0.3102518618106842,-0.28541517481334466,0.02483668699733954,0.02483668699733954
C2H5NO80Ru40,RuO2,110,imines,Ethanimine,relaxed,tensor([False]),-1.9095062017440796,-1.9630578624761483,-0.05355166073206874,0.05355166073206874
C3H9Ir40NO80,IrO2,110,amines,Propan-2-amine,relaxed,tensor([False]),-0.4878682494163513,-0.40584947675549543,0.08201877266085589,0.08201877266085589
C2H7Ir40NO80,IrO2,110,amines,Ethanamine,relaxed,tensor([False]),-0.37686827778816223,-0.2956614263676123,0.08120685142054995,0.08120685142054995
C2H4O82Ru40,RuO2,110,carbonates_carboxylic-acids_esters,Acetic-acid,relaxed,tensor([False]),-1.4043467044830322,-1.334811829405946,0.06953487507708633,0.06953487507708633
C2H6O81Ru40,RuO2,110,alcohols_aldehydes_ketones_ethers,Methoxymethane,relaxed,tensor([False]),-1.0197908878326416,-1.0070063265359277,0.012784561296713903,0.012784561296713903
CH5Ir48N,Ir,110,amines,Methanamine,initial,tensor([False]),-1.4132087230682373,-1.3307988587017316,0.08240986436650566,0.08240986436650566
CH2Ir40O80S,IrO2,110,thiols_thials_thioketones_thioethers,Methanethial,relaxed,tensor([False]),-0.8572229146957397,-2.1797122120491785,-1.3224892973534388,1.3224892973534388
C3H6Ir40O80,IrO2,110,alkanes_alkenes_alkynes,Propylene,relaxed,tensor([False]),-0.2600111961364746,-0.15684495301348989,0.10316624312298472,0.10316624312298472
C2H5Ir48NO,Ir,110,amides,Acetamide,relaxed,tensor([False]),-0.8597270250320435,-0.695218369654576,0.1645086553774675,0.1645086553774675
Ru48,Ru,110,None,None,relaxed,tensor([False]),0.0,-0.044496508099832965,-0.044496508099832965,0.044496508099832965
C2H5NO80Ru40,RuO2,110,imines,N-methylmethanimine,relaxed,tensor([False]),-1.9221456050872803,-1.8127413773284253,0.10940422775885494,0.10940422775885494
C3H7NO80Ru40,RuO2,110,imines,Propan-2-imine,relaxed,tensor([False]),-2.0472495555877686,-2.0020017728242863,0.04524778276348229,0.04524778276348229
C2H5NO80Ru40,RuO2,110,imines,N-methylmethanimine,relaxed,tensor([False]),-1.910944938659668,-1.8796898780830702,0.03125506057659777,0.03125506057659777
C2H6ORu48,Ru,110,alcohols_aldehydes_ketones_ethers,Ethanol,initial,tensor([False]),-0.6894161701202393,-0.36074446538700755,0.3286717047332317,0.3286717047332317
CH4Ir40O81,IrO2,110,alcohols_aldehydes_ketones_ethers,Methanol,relaxed,tensor([False]),-0.16172492504119873,-0.22433260558484136,-0.06260768054364263,0.06260768054364263
O80Ru40,RuO2,110,None,None,relaxed,tensor([False]),0.0,0.06314520240517396,0.06314520240517396,0.06314520240517396
CH2O2,None,None,carbonates_carboxylic-acids_esters,Formic-acid,relaxed,tensor([False]),0.0,-0.02218967125183724,-0.02218967125183724,0.02218967125183724
C3H8Ir40O80,IrO2,110,alkanes_alkenes_alkynes,Propane,relaxed,tensor([False]),-0.904345691204071,-0.9211444913019466,-0.0167988000978756,0.0167988000978756
C2H6O,None,None,alcohols_aldehydes_ketones_ethers,Methoxymethane,initial,tensor([False]),0.0,-0.040625574400124265,-0.040625574400124265,0.040625574400124265
CH2O80Ru40S,RuO2,110,thiols_thials_thioketones_thioethers,Methanethial,relaxed,tensor([False]),-1.7693181037902832,-1.517968894374384,0.2513492094158991,0.2513492094158991
C3H6Ir40O80S,IrO2,110,thiols_thials_thioketones_thioethers,Propane-2-thione,relaxed,tensor([False]),-2.9616990089416504,-3.0845949504027317,-0.12289594146108129,0.12289594146108129
C3H9Ir40NO80,IrO2,110,amines,Propan-2-amine,relaxed,tensor([True]),-2.1291580200195312,-1.5622788180676146,0.5668792019519167,0.5668792019519167
C2H6O80Ru40S,RuO2,110,thiols_thials_thioketones_thioethers,Ethanethiol,relaxed,tensor([False]),-0.7372099161148071,-0.410489993308488,0.3267199228063191,0.3267199228063191
C2H6Ir40O81,IrO2,110,alcohols_aldehydes_ketones_ethers,Ethanol,relaxed,tensor([False]),-1.9985452890396118,-1.8703314428723488,0.12821384616726306,0.12821384616726306
C2H6O81Ru40,RuO2,110,alcohols_aldehydes_ketones_ethers,Ethanol,relaxed,tensor([False]),-0.7256453633308411,-0.8289016573249857,-0.1032562939941446,0.1032562939941446
C3H7Ir48N,Ir,110,imines,Propan-2-imine,initial,tensor([False]),-1.531341314315796,-1.5406719140138243,-0.009330599698028408,0.009330599698028408
C2H4O80Ru40,RuO2,110,alkanes_alkenes_alkynes,Ethene,relaxed,tensor([False]),-1.0869702100753784,-1.0991735632737445,-0.012203353198366074,0.012203353198366074
CH4Ir40N2O80,IrO2,110,amidines,Formimidamide,relaxed,tensor([False]),-2.966956377029419,-2.982804318267682,-0.015847941238263274,0.015847941238263274
C3H8O81Ru40,RuO2,110,alcohols_aldehydes_ketones_ethers,Propan-2-ol,relaxed,tensor([False]),-0.7572684288024902,-0.6804940986265251,0.07677433017596513,0.07677433017596513
CH3N,None,None,imines,Methanimine,relaxed,tensor([False]),0.0,0.058021751160474366,0.058021751160474366,0.058021751160474366
C3H8Ir40O81,IrO2,110,alcohols_aldehydes_ketones_ethers,Propan-2-ol,relaxed,tensor([False]),-2.162959575653076,-2.0055901415009707,0.15736943415210547,0.15736943415210547
C2H4O2,None,None,carbonates_carboxylic-acids_esters,Acetic-acid,initial,tensor([False]),0.0,-0.05422680479844644,-0.05422680479844644,0.05422680479844644
C2H6Ir40O80,IrO2,110,alkanes_alkenes_alkynes,Ethane,relaxed,tensor([False]),-0.839481770992279,-0.9403803049630568,-0.10089853397077775,0.10089853397077775
C2H4O82Ru40,RuO2,110,carbonates_carboxylic-acids_esters,Acetic-acid,relaxed,tensor([True]),-1.7382372617721558,-1.6040946838042185,0.13414257796793727,0.13414257796793727
CH5NO80Ru40,RuO2,110,amines,Methanamine,relaxed,tensor([False]),-2.0584263801574707,-1.8768396106696699,0.18158676948780084,0.18158676948780084
C3H6Ir40O81,IrO2,110,alcohols_aldehydes_ketones_ethers,Propan-2-one,relaxed,tensor([False]),-1.9989017248153687,-1.986083272533481,0.012818452281887716,0.012818452281887716
C3H8O80Ru40S,RuO2,110,thiols_thials_thioketones_thioethers,Propane-2-thiol,relaxed,tensor([False]),-1.8191183805465698,-1.7306056427273777,0.08851273781919211,0.08851273781919211
C3H8O80Ru40,RuO2,110,alkanes_alkenes_alkynes,Propane,relaxed,tensor([False]),-0.539618194103241,-0.5139838268032619,0.025634367299979033,0.025634367299979033
CH4N2,None,None,amidines,Formimidamide,initial,tensor([False]),0.0,-0.04705681350007751,-0.04705681350007751,0.04705681350007751
C3H4Ir40O80,IrO2,110,alkanes_alkenes_alkynes,Prop-1-yne,relaxed,tensor([False]),-0.6127803921699524,-0.6983703159135004,-0.08558992374354801,0.08558992374354801
CH2Ir48S,Ir,110,thiols_thials_thioketones_thioethers,Methanethial,relaxed,tensor([False]),-3.3062915802001953,-3.219359944322015,0.0869316358781802,0.0869316358781802
CH2Ir40O80S,IrO2,110,thiols_thials_thioketones_thioethers,Methanethial,relaxed,tensor([False]),-3.2335870265960693,-2.8218242729704315,0.41176275362563786,0.41176275362563786
CH2ORu48,Ru,110,alcohols_aldehydes_ketones_ethers,Formaldehyde,relaxed,tensor([False]),-1.2672572135925293,-1.6802926473109672,-0.41303543371843787,0.41303543371843787
C3H9N,None,None,amines,Propan-2-amine,initial,tensor([False]),0.0,-0.1564181762708614,-0.1564181762708614,0.1564181762708614
CH4N2,None,None,amidines,Formimidamide,relaxed,tensor([False]),0.0,-0.04705681350007751,-0.04705681350007751,0.04705681350007751
CH5NRu48,Ru,110,amines,Methanamine,relaxed,tensor([False]),-1.2610620260238647,-1.2669834751676314,-0.005921449143766688,0.005921449143766688
C3H7N,None,None,imines,Propan-2-imine,initial,tensor([False]),0.0,-0.04926786261427196,-0.04926786261427196,0.04926786261427196
C2H6O,None,None,alcohols_aldehydes_ketones_ethers,Methoxymethane,relaxed,tensor([False]),0.0,-0.040625574400124265,-0.040625574400124265,0.040625574400124265
C2H5NO81Ru40,RuO2,110,amides,Acetamide,relaxed,tensor([False]),-1.4639633893966675,-1.42593566150979,0.03802772788687747,0.03802772788687747
C3H6S,None,None,thiols_thials_thioketones_thioethers,Propane-2-thione,relaxed,tensor([False]),0.0,-0.013568449665584126,-0.013568449665584126,0.013568449665584126
C3H8O80Ru40S,RuO2,110,thiols_thials_thioketones_thioethers,Propane-2-thiol,relaxed,tensor([False]),-0.3947116732597351,-0.36437845869882324,0.03033321456091187,0.03033321456091187
C2H4Ir40O82,IrO2,110,carbonates_carboxylic-acids_esters,Acetic-acid,relaxed,tensor([False]),-1.3388409614562988,-1.5584529764197477,-0.21961201496344884,0.21961201496344884
C3H8Ir40O81,IrO2,110,alcohols_aldehydes_ketones_ethers,Propan-2-ol,relaxed,tensor([False]),-1.091896414756775,-1.1862627958742298,-0.09436638111745488,0.09436638111745488
CH4O80Ru40S,RuO2,110,thiols_thials_thioketones_thioethers,Methanethiol,relaxed,tensor([False]),-1.4860243797302246,-1.7179902831737852,-0.2319659034435606,0.2319659034435606
C3H9NO80Ru40,RuO2,110,amines,Propan-2-amine,relaxed,tensor([False]),-1.9952746629714966,-1.9239350041427485,0.07133965882874804,0.07133965882874804
C3H6O80Ru40,RuO2,110,alkanes_alkenes_alkynes,Propylene,relaxed,tensor([False]),-1.332061767578125,-1.3156888938142428,0.01637287376388219,0.01637287376388219
C2H4O80Ru40S,RuO2,110,thiols_thials_thioketones_thioethers,Ethanethial,relaxed,tensor([False]),-0.48616594076156616,-0.4414189985574737,0.04474694220409248,0.04474694220409248
C3H9Ir48N,Ir,110,amines,Propan-2-amine,relaxed,tensor([False]),-1.4969991445541382,-1.3978642319004546,0.09913491265368357,0.09913491265368357
C2H5NRu48,Ru,110,imines,Ethanimine,initial,tensor([False]),-1.627711296081543,-1.7338258484112359,-0.10611455232969291,0.10611455232969291
C2H6Ir40O80S,IrO2,110,thiols_thials_thioketones_thioethers,Dimethylsulfane,relaxed,tensor([False]),-2.5745344161987305,-2.382343998665995,0.19219041753273558,0.19219041753273558
CH2O82Ru40,RuO2,110,carbonates_carboxylic-acids_esters,Formic-acid,relaxed,tensor([False]),-1.2037107944488525,-1.0753737179376017,0.1283370765112508,0.1283370765112508
CH4Ir40O80S,IrO2,110,thiols_thials_thioketones_thioethers,Methanethiol,relaxed,tensor([False]),-0.32173091173171997,-0.32920168748486844,-0.007470775753148473,0.007470775753148473
C2H6Ir40O80S,IrO2,110,thiols_thials_thioketones_thioethers,Ethanethiol,relaxed,tensor([False]),-0.24240340292453766,-0.266917314475716,-0.024513911551178325,0.024513911551178325
C3H8Ir40O80S,IrO2,110,thiols_thials_thioketones_thioethers,Propane-2-thiol,relaxed,tensor([True]),-3.4706523418426514,-3.2714171204234788,0.1992352214191726,0.1992352214191726
C2H6Ir40N2O80,IrO2,110,amidines,Acetimidamide,relaxed,tensor([False]),-3.075857162475586,-2.9543487481668365,0.12150841430874948,0.12150841430874948
C2H6O81Ru40,RuO2,110,alcohols_aldehydes_ketones_ethers,Ethanol,relaxed,tensor([False]),-0.1829562783241272,-0.2957836246445851,-0.11282734632045788,0.11282734632045788
C3H9N,None,None,amines,Trimethylamine,initial,tensor([False]),0.0,-0.09237290537895859,-0.09237290537895859,0.09237290537895859
CH3Ir48NO,Ir,110,amides,Formamide,initial,tensor([False]),-0.5683567523956299,-0.517269037236396,0.05108771515923394,0.05108771515923394
C3H4O80Ru40,RuO2,110,alkanes_alkenes_alkynes,Prop-1-yne,relaxed,tensor([True]),-1.5249937772750854,-1.7400624579068484,-0.215068680631763,0.215068680631763
C3H8Ir40O81,IrO2,110,alcohols_aldehydes_ketones_ethers,Propan-2-ol,relaxed,tensor([False]),-1.4747647047042847,-1.3299222266072643,0.14484247809702033,0.14484247809702033
CH4O81Ru40,RuO2,110,alcohols_aldehydes_ketones_ethers,Methanol,relaxed,tensor([False]),-1.5916978120803833,-1.6001731546920102,-0.008475342611626857,0.008475342611626857
C3H4Ir40O80,IrO2,110,alkanes_alkenes_alkynes,Prop-1-yne,relaxed,tensor([False]),-0.1545283943414688,-0.15330635128641035,0.0012220430550584638,0.0012220430550584638
CH2O83Ru40,RuO2,110,carbonates_carboxylic-acids_esters,Carbonic-acid,relaxed,tensor([False]),-0.5634293556213379,-0.4040207040912982,0.1594086515300397,0.1594086515300397
C2H2,None,None,alkanes_alkenes_alkynes,Acetylene,relaxed,tensor([False]),0.0,0.15405397441793411,0.15405397441793411,0.15405397441793411
C2H4O2Ru48,Ru,110,carbonates_carboxylic-acids_esters,Acetic-acid,initial,tensor([False]),-0.3613983392715454,-0.3449098173763332,0.016488521895212216,0.016488521895212216
C3H9NO80Ru40,RuO2,110,amines,Trimethylamine,relaxed,tensor([False]),-0.36451029777526855,-0.42270976182984654,-0.05819946405457799,0.05819946405457799
C3H8Ir40O80,IrO2,110,alkanes_alkenes_alkynes,Propane,relaxed,tensor([False]),-1.3939512968063354,-1.035191862115032,0.35875943469130345,0.35875943469130345
CH4Ir48S,Ir,110,thiols_thials_thioketones_thioethers,Methanethiol,initial,tensor([False]),-1.3168821334838867,-1.2518286216455294,0.06505351183835728,0.06505351183835728
C3H6Ir48S,Ir,110,thiols_thials_thioketones_thioethers,Propane-2-thione,initial,tensor([False]),-3.025909900665283,-3.348480975595024,-0.3225710749297406,0.3225710749297406
CH4O81Ru40,RuO2,110,alcohols_aldehydes_ketones_ethers,Methanol,relaxed,tensor([False]),-0.38032767176628113,-0.3074412219159477,0.07288644985033343,0.07288644985033343
CH3NO81Ru40,RuO2,110,amides,Formamide,relaxed,tensor([False]),-1.6291782855987549,-1.2772198924235192,0.3519583931752357,0.3519583931752357
C3H8O80Ru40,RuO2,110,alkanes_alkenes_alkynes,Propane,relaxed,tensor([False]),-0.5394166707992554,-0.5224805422516212,0.016936128547634155,0.016936128547634155
C3H6Ir40O81,IrO2,110,alcohols_aldehydes_ketones_ethers,Propan-2-one,relaxed,tensor([False]),-1.770695686340332,-1.598774679737744,0.17192100660258802,0.17192100660258802
C2H2O80Ru40,RuO2,110,alkanes_alkenes_alkynes,Acetylene,relaxed,tensor([False]),-1.1907885074615479,-1.1465800593577749,0.044208448103773,0.044208448103773
CH4O,None,None,alcohols_aldehydes_ketones_ethers,Methanol,initial,tensor([False]),0.0,-0.048774098729012394,-0.048774098729012394,0.048774098729012394
C3H8O80Ru40,RuO2,110,alkanes_alkenes_alkynes,Propane,relaxed,tensor([False]),-0.3723996579647064,-0.44281827238667404,-0.07041861442196762,0.07041861442196762
C3H9NO80Ru40,RuO2,110,amines,Trimethylamine,relaxed,tensor([False]),-1.6991528272628784,-1.6129219559475754,0.08623087131530305,0.08623087131530305
C3H9Ir40NO80,IrO2,110,amines,Trimethylamine,relaxed,tensor([False]),-0.4686322510242462,-0.8680864728477271,-0.3994542218234809,0.3994542218234809
C3H8Ir40O80S,IrO2,110,thiols_thials_thioketones_thioethers,Propane-2-thiol,relaxed,tensor([False]),-0.6451002955436707,-0.5340035734785111,0.11109672206515953,0.11109672206515953
C2H4S,None,None,thiols_thials_thioketones_thioethers,Ethanethial,initial,tensor([False]),0.0,0.02004927273232937,0.02004927273232937,0.02004927273232937
C2H5Ir40NO80,IrO2,110,imines,Ethanimine,relaxed,tensor([False]),-2.7143750190734863,-2.8648333323911714,-0.1504583133176851,0.1504583133176851
C2H4O82Ru40,RuO2,110,carbonates_carboxylic-acids_esters,Acetic-acid,relaxed,tensor([False]),-1.2417114973068237,-1.2031196635391401,0.0385918337676836,0.0385918337676836
CH2Ir40O81,IrO2,110,alcohols_aldehydes_ketones_ethers,Formaldehyde,relaxed,tensor([False]),-1.6320947408676147,-1.4837121607929884,0.14838258007462635,0.14838258007462635
C2H4Ir48,Ir,110,alkanes_alkenes_alkynes,Ethene,initial,tensor([False]),-1.2180876731872559,-1.1786358259225254,0.0394518472647305,0.0394518472647305
C2H4Ir40O82,IrO2,110,carbonates_carboxylic-acids_esters,Acetic-acid,relaxed,tensor([True]),-3.402022361755371,-3.245202660804722,0.15681970095064912,0.15681970095064912
C2H4O80Ru40,RuO2,110,alkanes_alkenes_alkynes,Ethene,relaxed,tensor([False]),-0.3849923014640808,-0.40653556238417465,-0.021543260920093843,0.021543260920093843
C2H6N2Ru48,Ru,110,amidines,Acetimidamide,initial,tensor([False]),-1.5792005062103271,-1.5859651639871792,-0.00676465777685209,0.00676465777685209
C2H4O80Ru40S,RuO2,110,thiols_thials_thioketones_thioethers,Ethanethial,relaxed,tensor([False]),-0.3324686884880066,-0.2696713026655644,0.06279738582244221,0.06279738582244221
CH4Ir40O80S,IrO2,110,thiols_thials_thioketones_thioethers,Methanethiol,relaxed,tensor([True]),-3.1431918144226074,-3.322960531178367,-0.17976871675575978,0.17976871675575978
C2H4ORu48,Ru,110,alcohols_aldehydes_ketones_ethers,Acetaldehyde,relaxed,tensor([False]),-1.0088577270507812,-1.060836457614056,-0.051978730563274844,0.051978730563274844
C3H8Ir40O80S,IrO2,110,thiols_thials_thioketones_thioethers,Propane-2-thiol,relaxed,tensor([False]),-0.5190905332565308,-0.582330240340923,-0.0632397070843922,0.0632397070843922
C3H6O81Ru40,RuO2,110,alcohols_aldehydes_ketones_ethers,Propan-2-one,relaxed,tensor([False]),-1.4285918474197388,-1.170801385191612,0.25779046222812685,0.25779046222812685
CH4N2O80Ru40,RuO2,110,amidines,Formimidamide,relaxed,tensor([False]),-2.357088088989258,-2.4809300179723834,-0.12384192898312563,0.12384192898312563
C3H9NO80Ru40,RuO2,110,amines,Propan-2-amine,relaxed,tensor([False]),-1.987292766571045,-1.9926858259248803,-0.005393059353835383,0.005393059353835383
C2H6Ir40N2O80,IrO2,110,amidines,Acetimidamide,relaxed,tensor([False]),-2.411222457885742,-2.4425982233516095,-0.03137576546586729,0.03137576546586729
CH5Ir40NO80,IrO2,110,amines,Methanamine,relaxed,tensor([False]),-0.1974053978919983,-0.2596910468764264,-0.06228564898442812,0.06228564898442812
C3H6O81Ru40,RuO2,110,alcohols_aldehydes_ketones_ethers,Propan-2-one,relaxed,tensor([False]),-1.4163715839385986,-1.275621598876335,0.14074998506226355,0.14074998506226355
C3H8O81Ru40,RuO2,110,alcohols_aldehydes_ketones_ethers,Propan-2-ol,relaxed,tensor([False]),-1.722174048423767,-1.6636983875897062,0.05847566083406086,0.05847566083406086
CH4O80Ru40S,RuO2,110,thiols_thials_thioketones_thioethers,Methanethiol,relaxed,tensor([False]),-0.28641676902770996,-0.34862133114472726,-0.062204562117017304,0.062204562117017304
C3H6O81Ru40,RuO2,110,alcohols_aldehydes_ketones_ethers,Propan-2-one,relaxed,tensor([False]),-1.187829613685608,-1.232928300321082,-0.04509868663547412,0.04509868663547412
C3H4O80Ru40,RuO2,110,alkanes_alkenes_alkynes,Prop-1-yne,relaxed,tensor([False]),-0.24069108068943024,-0.3210019168083491,-0.08031083611891887,0.08031083611891887
C2H7NO80Ru40,RuO2,110,amines,Ethanamine,relaxed,tensor([False]),-2.0831358432769775,-1.9193507047147556,0.163785138562222,0.163785138562222
C2H7Ir40NO80,IrO2,110,amines,Ethanamine,relaxed,tensor([False]),-1.2038884162902832,-1.187949161684415,0.015939254605868314,0.015939254605868314
C2H4Ir40O80S,IrO2,110,thiols_thials_thioketones_thioethers,Ethanethial,relaxed,tensor([False]),-2.8636300563812256,-2.539690287355114,0.32393976902611143,0.32393976902611143
C3H6Ir40O80S,IrO2,110,thiols_thials_thioketones_thioethers,Propane-2-thione,relaxed,tensor([False]),-0.3210182785987854,-0.5434242025822584,-0.22240592398347303,0.22240592398347303
